00 00 00 00 00 00 00 00 00 00 00 00 00 00 00 00
00 34 30 0C 12 1A 2C 1A 26 20 10 06 1A 06 04 00
00 14 3A 1A 1C 41 0E 38 1A 24 14 0E 14 1A 0A 00
00 08 16 14 0C 26 22 20 38 20 1C 1A 1A 10 10 00
00 1A 06 00 14 16 0E 0E 12 16 1A 10 0A 1A 06 00
00 30 14 0C 20 30 1A 14 1A 32 0A 0E 1E 0E 14 00
00 26 14 28 06 24 2A 20 3E 14 22 18 1C 10 14 00
00 44 1A 10 10 06 20 1E 14 28 0A 30 30 2E 0E 00
00 1A 18 0C 14 0C 1A 24 1A 2A 20 2E 1A 24 2A 00
00 04 04 1A 16 10 0A 16 2E 1E 20 0C 04 04 1A 00
00 04 0E 1A 14 10 10 24 22 12 1A 14 10 0E 16 00
00 20 18 28 10 06 00 0C 2E 24 41 30 1A 10 06 00
00 0E 2E 14 26 1A 10 10 26 40 18 0E 10 10 0C 00
00 3E 2E 18 28 06 0A 10 20 30 20 10 2A 20 24 00
00 16 02 2E 2C 24 1A 0A 16 20 24 1A 2E 0C 16 00
00 00 00 00 00 00 00 00 00 00 00 00 00 00 00 00
