00 00 00 00 00 00 00 00 00 00 00 00 00 00 00 00
00 0E 0A 0A 06 28 18 1A 1A 10 16 10 1A 0A 10 00
00 14 04 06 14 06 16 0C 16 0A 0A 00 1A 0A 0C 00
00 04 14 00 06 1A 1E 04 1E 0A 0C 06 20 20 20 00
00 24 06 0A 06 10 14 14 16 00 14 10 10 2E 06 00
00 1E 16 06 1A 0A 04 1E 0C 10 0A 1E 20 1A 22 00
00 1A 0E 24 20 1A 10 14 10 14 10 04 16 10 1A 00
00 2A 24 1A 0C 10 24 20 18 1A 1E 14 30 1A 16 00
00 2E 36 26 1E 0C 0C 1A 0E 1E 0E 1A 20 0A 06 00
00 3A 30 2A 14 1A 14 14 10 26 20 16 10 0A 04 00
00 0C 16 20 0C 10 14 14 10 14 10 10 16 0E 0A 00
00 0C 10 24 0A 10 1A 0C 2E 10 14 0C 0A 14 14 00
00 14 06 20 0A 1A 16 14 16 24 0A 14 06 0C 1A 00
00 16 06 1A 10 10 24 1C 10 0C 14 0E 14 06 10 00
00 0C 1E 24 0E 14 10 1E 06 06 14 20 14 10 10 00
00 00 00 00 00 00 00 00 00 00 00 00 00 00 00 00
