00 00 00 00 00 00 00 00 00 00 00 00 00 00 00 00
00 06 00 00 00 0A 10 0A 24 34 1A 1A 0A 0A 0A 00
00 00 00 00 00 06 10 1A 0A 2A 1A 06 04 14 04 00
00 00 00 06 10 10 06 10 1A 26 24 0C 14 10 0A 00
00 06 00 0A 10 14 10 06 10 24 0C 28 0A 14 0A 00
00 1A 04 0A 14 10 16 0A 06 16 24 1C 0A 10 00 00
00 1E 0A 10 0A 0A 10 06 1E 10 20 2E 0C 10 00 00
00 24 08 14 0A 06 06 14 20 14 04 06 1E 0A 0A 00
00 0A 14 1A 06 14 06 14 14 08 0A 10 1C 14 10 00
00 14 16 0A 04 0A 04 0A 14 14 14 04 1E 1E 10 00
00 0C 10 14 0A 10 0A 04 20 14 16 14 18 20 2E 00
00 1A 0A 14 1E 0C 14 1A 24 0A 1E 10 1A 2E 06 00
00 16 06 0E 24 16 06 16 30 2E 06 10 14 0A 1E 00
00 06 00 0A 10 1A 1E 10 00 1A 24 10 08 1A 0E 00
00 00 00 06 0A 16 14 24 16 04 1A 2A 10 2E 16 00
00 00 00 00 00 00 00 00 00 00 00 00 00 00 00 00
