00 00 00 00 00 00 00 00 00 00 00 00 00 00 00 00
00 06 10 24 0A 1E 1C 28 1C 14 18 10 0E 10 00 00
00 0A 06 20 14 10 2A 10 10 0A 10 1E 06 10 10 00
00 06 00 10 1A 10 1C 1A 1A 06 1A 00 1A 10 1A 00
00 0A 00 06 10 1A 16 14 0A 14 0A 1E 1A 14 1A 00
00 06 00 06 10 1A 10 06 0A 10 14 04 1A 0A 20 00
00 10 06 1A 1A 10 06 00 00 00 06 1A 14 14 0A 00
00 10 0A 10 1A 0C 16 1A 0C 00 0A 10 1E 16 0E 00
00 14 0C 1A 24 16 1E 10 1A 0A 0A 1A 0E 24 10 00
00 0A 0E 0A 14 14 10 24 16 00 10 24 24 06 1E 00
00 14 1E 14 0A 14 14 00 10 1A 0E 0A 1A 1A 06 00
00 28 1E 24 10 10 1A 0E 10 14 10 24 20 20 1E 00
00 2A 34 1A 14 16 24 0A 1A 10 14 0A 06 10 04 00
00 16 10 18 10 14 06 0E 06 06 0A 0A 1A 10 16 00
00 1A 14 0A 24 16 06 0E 10 10 0A 10 10 10 24 00
00 00 00 00 00 00 00 00 00 00 00 00 00 00 00 00
