00 00 00 00 00 00 00 00 00 00 00 00 00 00 00 00
00 14 02 12 24 28 16 12 0E 1A 3E 1A 1A 20 3C 00
00 14 14 16 41 14 14 14 06 1A 34 3E 28 12 4C 00
00 20 16 14 20 14 14 0C 10 14 0A 34 4E 1C 16 00
00 34 1A 14 14 0A 06 10 14 0A 0A 24 46 46 12 00
00 2E 1A 1A 0C 10 1A 10 0E 06 04 16 36 3C 4E 00
00 26 3E 24 20 1A 26 16 14 10 10 1A 3A 1E 2A 00
00 28 10 14 04 06 1A 0A 06 10 38 0E 34 20 36 00
00 14 24 08 18 14 10 1A 14 2A 2E 34 24 38 56 00
00 08 10 38 20 30 14 24 2A 3E 0E 3A 1C 16 64 00
00 2A 34 20 10 2A 10 20 0C 1C 12 44 3A 1A 28 00
00 34 44 24 3A 3A 16 18 0C 38 2A 26 3A 24 20 00
00 38 40 3E 2A 1C 2C 0A 32 26 2A 1E 18 2A 2A 00
00 0A 1A 12 1A 1C 12 2A 08 22 14 16 2A 2E 06 00
00 16 26 1A 1A 0C 38 2A 0A 16 2E 1C 18 24 26 00
00 00 00 00 00 00 00 00 00 00 00 00 00 00 00 00
