00 00 00 00 00 00 00 00 00 00 00 00 00 00 00 00
00 00 0A 14 0E 10 1E 0C 10 0A 16 1A 0A 00 00 00
00 1A 1A 16 24 34 10 24 14 10 16 24 06 0A 06 00
00 1A 16 1A 16 16 14 20 1A 20 24 10 20 1A 16 00
00 24 1A 0A 1A 10 06 20 2A 16 10 0A 20 0A 10 00
00 0A 14 14 1A 06 0A 14 0A 0A 00 00 16 10 16 00
00 10 1A 20 16 10 14 16 14 16 10 06 10 1E 14 00
00 2A 16 20 1A 06 0E 14 0A 14 14 0A 10 1E 24 00
00 16 26 34 1A 06 0A 14 14 14 14 0A 10 10 2A 00
00 1A 2E 10 1A 14 0C 1A 16 14 10 0C 10 1A 1A 00
00 10 16 20 26 10 10 14 14 0C 0A 04 0A 0C 10 00
00 14 00 0A 10 1E 26 20 10 10 00 14 10 1A 06 00
00 06 0A 06 10 14 14 1A 0A 10 0A 06 1E 10 10 00
00 06 0A 10 14 04 0A 1A 10 00 10 1A 0A 14 1E 00
00 1E 10 24 14 04 14 00 0A 10 0A 1A 14 14 0E 00
00 00 00 00 00 00 00 00 00 00 00 00 00 00 00 00
