00 00 00 00 00 00 00 00 00 00 00 00 00 00 00 00
00 46 58 36 2C 32 40 40 70 FF FF FF FF FF FF 00
00 40 56 64 50 44 40 36 56 A2 FF FF FF FF FF 00
00 20 30 40 49 3C 40 44 56 93 B8 FF FF FF FF 00
00 1C 20 4E 51 3A 1C 20 36 70 86 B3 FF FF FF 00
00 44 18 36 5E 40 2A 20 30 60 79 76 D0 FF FF 00
00 30 32 28 3A 49 2C 2A 30 56 79 76 86 E8 FF 00
00 20 40 49 32 54 54 30 36 4C 60 60 74 98 DC 00
00 16 26 4E 40 46 56 54 4C 49 50 46 60 8A 9C 00
00 2A 26 32 3A 49 46 49 59 59 5C 54 51 92 FF 00
00 20 34 38 20 40 40 36 3C 54 56 54 70 E6 FF 00
00 1A 34 30 34 41 44 40 30 36 49 56 B0 FF FF 00
00 16 20 0E 1A 44 40 59 64 51 59 79 DC FF FF 00
00 2A 18 14 0A 30 36 3C 64 69 4C BC FF FF FF 00
00 40 28 24 2A 26 2A 20 36 64 9C FF FF FF FF 00
00 00 00 00 00 00 00 00 00 00 00 00 00 00 00 00
