00 00 00 00 00 00 00 00 00 00 00 00 00 00 00 00
00 1A 1A 22 0A 12 04 06 06 1A 2E 14 0A 0E 14 00
00 14 0A 0A 2E 24 12 0C 0A 12 0A 1E 20 28 08 00
00 04 04 1E 14 2A 18 10 24 14 18 0E 1A 10 10 00
00 16 24 10 10 16 16 20 20 20 10 1A 16 10 10 00
00 1A 14 1E 18 0A 1E 10 20 16 0A 0A 1A 10 06 00
00 0A 1A 20 06 14 1A 14 20 10 14 10 06 10 0A 00
00 06 1E 06 1E 0A 08 34 1A 10 12 24 04 20 0A 00
00 0A 16 0A 06 0E 28 2E 14 1E 20 18 32 2A 1A 00
00 14 24 14 06 0A 14 16 1A 10 1C 1E 2A 10 1A 00
00 0E 12 10 0A 06 06 10 1E 20 16 14 0A 1A 06 00
00 0A 18 10 0A 1A 1A 14 10 2E 06 0A 10 10 10 00
00 0A 0A 24 0C 1A 06 10 2E 10 1E 0C 24 10 10 00
00 1A 1A 16 00 10 06 1A 26 0E 1A 20 2A 24 16 00
00 0A 04 1A 00 10 14 0A 20 0E 24 24 06 06 16 00
00 00 00 00 00 00 00 00 00 00 00 00 00 00 00 00
