00 00 00 00 00 00 00 00 00 00 00 00 00 00 00 00
00 24 24 1A 24 0A 0A 0A 14 16 20 14 14 16 10 00
00 20 1C 24 06 18 12 28 10 0A 10 1E 0E 14 0C 00
00 06 00 00 1A 14 1A 10 20 20 2E 14 18 10 16 00
00 10 06 00 16 06 06 16 24 1E 10 24 06 0A 16 00
00 10 10 0A 20 1E 04 1E 00 24 1A 0A 1A 10 0C 00
00 16 0E 1A 10 14 1A 24 14 1C 24 04 24 1A 1A 00
00 10 1A 22 0E 08 0A 10 24 1A 16 22 16 12 10 00
00 26 24 14 10 14 20 24 1C 04 1E 0E 10 24 14 00
00 0A 04 0C 1A 10 2A 10 10 1E 04 1E 0A 0C 2E 00
00 10 0A 0A 24 06 1C 10 10 0A 16 14 0A 0A 06 00
00 0E 04 14 26 2E 34 1A 1A 14 22 10 14 06 0E 00
00 10 10 14 14 04 04 1A 06 10 12 2A 20 0C 1A 00
00 0E 22 22 16 0A 06 0A 10 1A 10 1A 06 0E 14 00
00 24 24 14 24 06 0A 04 1E 1A 10 16 1E 10 1A 00
00 00 00 00 00 00 00 00 00 00 00 00 00 00 00 00
