00 00 00 00 00 00 00 00 00 00 00 00 00 00 00 00
00 16 14 16 1A 10 06 10 14 10 1A 14 10 0A 06 00
00 28 16 14 1A 1A 10 16 16 06 04 14 10 06 0A 00
00 10 24 1A 06 0E 04 14 18 0A 10 16 24 14 0A 00
00 28 0C 20 1A 14 1E 0C 16 1A 0A 2E 24 14 14 00
00 08 08 1E 10 08 10 1A 1A 2A 24 10 0E 18 10 00
00 24 10 0E 1A 0A 0A 00 14 20 30 10 20 0A 0E 00
00 10 1A 14 1A 0A 04 0E 0A 14 24 10 16 14 0C 00
00 2E 10 04 14 16 0A 00 1A 14 10 2E 20 16 1A 00
00 1A 2A 16 1A 1C 0A 10 1A 24 14 0C 20 2E 1A 00
00 06 20 14 10 1A 06 10 24 1A 14 24 24 00 18 00
00 1E 1A 10 1E 14 1A 1A 16 1A 26 30 36 2E 1A 00
00 28 20 10 20 0A 0A 10 24 10 14 0C 1E 24 0C 00
00 00 22 22 1E 0E 0C 34 26 2A 1C 1A 1A 10 28 00
00 20 16 24 2C 10 28 20 1A 20 1A 00 10 0E 04 00
00 00 00 00 00 00 00 00 00 00 00 00 00 00 00 00
