00 00 00 00 00 00 00 00 00 00 00 00 00 00 00 00
00 26 16 14 06 06 24 10 22 06 22 30 2E 40 0E 00
00 20 14 1A 0A 0A 1C 1E 1A 2E 24 3E 04 3E 26 00
00 26 24 1A 1E 16 2A 0C 1A 12 1E 12 28 18 0E 00
00 3A 1C 24 2A 1A 26 06 0E 14 22 30 36 1E 10 00
00 2A 24 06 20 14 38 20 04 04 1E 28 14 18 1A 00
00 3A 20 06 1A 14 16 3E 18 04 14 2A 2E 24 48 00
00 0C 0E 16 20 26 24 3E 1A 18 12 24 2A 24 2A 00
00 2E 1A 14 10 26 1E 1E 04 0C 12 28 10 24 4E 00
00 14 2E 26 2A 2E 0C 3C 14 12 1E 06 24 1A 06 00
00 10 12 24 06 26 2A 22 0E 06 1A 10 1C 10 0A 00
00 06 1E 20 0A 0A 06 14 1C 28 30 18 20 2C 2E 00
00 30 22 2A 0A 10 10 16 2E 0E 4C 14 44 3E 14 00
00 34 20 1A 22 04 16 14 0C 2E 20 41 2A 3A 32 00
00 2E 28 20 10 36 24 14 06 16 0C 34 34 14 1E 00
00 00 00 00 00 00 00 00 00 00 00 00 00 00 00 00
