00 00 00 00 00 00 00 00 00 00 00 00 00 00 00 00
00 0A 1A 06 0E 0A 0C 0A 10 0A 10 20 10 1A 06 00
00 0A 10 00 04 04 14 06 10 06 14 1A 0A 10 0E 00
00 06 24 0C 18 18 0C 0A 1A 10 00 1A 14 16 14 00
00 14 1A 06 10 2E 30 20 0A 1A 1A 0A 16 16 24 00
00 0E 1E 16 18 1E 24 48 3A 16 1A 0A 14 0A 14 00
00 1A 10 10 0C 2A 1E 0C 2A 24 14 0E 06 0A 0A 00
00 06 14 06 00 10 20 1E 1A 0E 1A 1A 0A 06 14 00
00 10 0A 10 06 0A 0A 0A 0E 00 04 1E 10 1A 16 00
00 14 04 14 14 06 06 14 14 14 10 10 00 1A 10 00
00 1A 04 14 14 14 10 10 0A 0E 06 0A 0A 10 06 00
00 14 10 1A 0A 1A 00 14 14 14 06 10 0A 14 0A 00
00 10 14 16 14 20 10 14 14 00 0A 06 14 10 10 00
00 06 10 1A 06 1A 10 10 00 14 06 00 06 0A 14 00
00 0A 06 10 06 0C 00 06 14 06 0A 00 06 10 16 00
00 00 00 00 00 00 00 00 00 00 00 00 00 00 00 00
