00 00 00 00 00 00 00 00 00 00 00 00 00 00 00 00
00 1A 2A 20 10 00 14 06 0E 0A 20 06 06 06 1C 00
00 1E 16 1E 0A 10 10 1A 14 1A 24 06 14 04 0A 00
00 0A 0A 04 04 14 06 1A 0E 14 10 0A 0A 10 1A 00
00 1A 20 1A 14 06 14 06 1A 10 1A 1A 14 14 06 00
00 0A 10 20 0A 14 06 00 10 10 10 06 1A 0A 0A 00
00 06 10 1A 1A 1A 1A 06 06 14 00 10 1A 0A 10 00
00 10 1A 12 20 10 16 0A 06 10 10 0A 1A 0A 14 00
00 14 0A 1E 1A 06 24 00 14 0A 10 28 20 14 10 00
00 10 0A 16 10 14 16 10 10 14 0E 06 28 14 06 00
00 1E 10 0A 0A 14 14 0A 0A 10 06 24 10 0A 1A 00
00 10 10 0E 10 10 10 14 06 10 10 1A 10 10 1A 00
00 16 10 0A 14 0A 06 06 1A 0E 24 10 10 10 10 00
00 14 2A 24 06 06 1A 1A 1A 14 24 0A 1A 0A 10 00
00 14 14 0E 04 0E 14 16 0C 14 10 14 00 14 1A 00
00 00 00 00 00 00 00 00 00 00 00 00 00 00 00 00
