00 00 00 00 00 00 00 00 00 00 00 00 00 00 00 00
00 58 36 32 50 64 64 49 2A 12 26 3A 49 36 2C 00
00 4C 30 50 74 59 3C 46 2C 34 44 40 3A 20 24 00
00 3E 2C 60 64 2C 36 59 5E 3A 38 50 46 30 26 00
00 32 54 68 44 2A 3A 5C 50 16 34 49 46 40 40 00
00 49 60 4C 46 3A 36 64 49 1C 40 40 3A 2A 26 00
00 56 69 54 56 56 60 79 4C 34 44 41 50 30 2A 00
00 69 69 3C 50 59 54 56 46 36 3C 54 48 14 26 00
00 70 60 3A 56 60 4C 59 49 40 60 64 22 16 3E 00
00 88 5C 4C 74 64 56 69 46 3A 50 3A 12 3A 46 00
00 71 60 5E 60 41 50 59 30 2C 49 2C 2A 44 40 00
00 60 59 41 56 59 69 60 36 44 49 3C 3E 2C 30 00
00 60 50 49 70 69 60 50 2A 26 2C 3A 26 20 30 00
00 70 66 60 74 56 50 46 26 3C 64 4E 26 24 20 00
00 4C 60 59 61 60 54 46 3A 59 69 32 20 10 20 00
00 00 00 00 00 00 00 00 00 00 00 00 00 00 00 00
