00 00 00 00 00 00 00 00 00 00 00 00 00 00 00 00
00 0A 00 1A 0A 14 00 1A 10 0C 20 20 14 0E 10 00
00 10 10 1A 14 16 14 1A 10 20 34 34 2A 10 20 00
00 0C 34 26 1A 14 1A 1A 06 20 20 2A 28 18 0E 00
00 34 34 20 1A 10 24 06 0A 20 20 24 16 16 1A 00
00 24 10 20 16 06 20 24 06 0C 1E 08 16 14 0C 00
00 06 14 1A 2A 1A 06 10 0A 00 10 10 18 14 14 00
00 0A 0A 10 12 0E 0E 10 06 06 16 1A 18 1A 18 00
00 0A 0A 14 1A 0E 02 14 20 10 1E 0C 12 1A 14 00
00 0C 10 0C 0C 2E 26 14 28 06 0C 24 16 06 10 00
00 14 10 14 14 0A 20 2E 0C 10 0A 10 00 00 00 00
00 06 16 10 08 1E 0C 16 14 16 0A 06 00 06 0A 00
00 0E 1A 0A 00 00 0A 06 0A 06 06 10 10 1A 10 00
00 14 10 0A 06 06 0A 0A 06 00 10 1A 10 16 24 00
00 0A 0A 06 0A 1A 10 10 0A 06 1A 16 00 00 10 00
00 00 00 00 00 00 00 00 00 00 00 00 00 00 00 00
