00 00 00 00 00 00 00 00 00 00 00 00 00 00 00 00
00 0A 10 0C 2A 0C 14 16 10 1A 06 0A 2E 26 4E 00
00 0A 14 06 24 38 10 20 06 16 0A 0A 1C 20 3A 00
00 0A 10 20 1E 24 2E 30 14 20 0A 14 1E 0C 2A 00
00 18 12 0E 14 16 0C 3A 1A 26 1A 1E 10 14 10 00
00 24 04 10 14 28 06 34 20 30 1A 0C 06 0A 0A 00
00 2A 0C 0A 0E 16 0A 16 24 26 16 1A 16 24 0C 00
00 0E 06 14 0A 14 10 00 06 10 14 10 06 10 1A 00
00 14 24 0A 14 0C 1A 10 10 06 1E 20 1A 0A 20 00
00 20 16 04 06 10 10 10 14 20 1A 1C 1A 14 10 00
00 2A 10 0A 14 10 10 10 00 2E 06 24 16 20 0C 00
00 20 06 10 06 06 24 16 1A 20 04 10 06 14 06 00
00 14 06 10 0A 10 24 10 10 10 06 14 16 26 20 00
00 06 0A 10 14 10 10 0A 1A 10 10 0A 14 2E 0A 00
00 0A 00 14 10 16 1A 16 1A 06 10 0A 08 2A 2E 00
00 00 00 00 00 00 00 00 00 00 00 00 00 00 00 00
