00 00 00 00 00 00 00 00 00 00 00 00 00 00 00 00
00 10 1A 20 34 20 14 0A 20 2E 14 0E 10 04 14 00
00 24 0E 0C 3A 20 0C 0A 24 20 28 02 1E 0A 0A 00
00 24 10 24 3A 16 24 16 20 0A 0E 14 06 0E 06 00
00 20 34 1C 26 24 1A 14 16 1A 0A 14 06 14 10 00
00 10 1A 24 1A 0A 14 2A 2A 10 10 10 06 10 06 00
00 24 1C 2A 20 1A 14 10 16 14 00 0E 04 18 2E 00
00 14 10 14 24 06 1A 1A 14 0A 10 0E 0E 28 0E 00
00 16 2A 20 1C 1E 14 16 14 06 1A 0A 0A 20 1A 00
00 14 06 1E 1E 24 10 0A 06 10 16 10 14 0A 0A 00
00 06 06 20 10 20 20 0C 0A 0A 0E 18 16 28 1C 00
00 10 1A 20 06 10 20 1E 0C 14 14 04 14 10 1A 00
00 14 24 26 10 14 2A 06 0A 10 0C 10 20 20 0A 00
00 1E 10 16 16 18 20 0E 0A 10 14 20 1A 2A 2A 00
00 16 0C 24 20 18 00 08 0A 14 14 14 0A 06 20 00
00 00 00 00 00 00 00 00 00 00 00 00 00 00 00 00
