00 00 00 00 00 00 00 00 00 00 00 00 00 00 00 00
00 0E 0E 0E 06 0A 00 1A 0A 10 0C 14 10 24 10 00
00 0E 06 04 00 06 1A 10 0A 0C 1E 06 0A 20 1A 00
00 0E 20 1E 20 14 0A 0A 0A 0A 0C 1E 04 06 00 00
00 10 1E 14 0A 18 14 10 06 06 00 16 20 1A 16 00
00 0A 0C 20 24 20 10 06 0A 04 0A 20 24 06 1A 00
00 0A 06 0A 0A 00 0A 14 06 18 0A 16 16 28 0A 00
00 06 10 0A 10 06 06 06 1E 1A 2A 1C 1C 0A 28 00
00 00 10 14 1A 14 08 14 1A 14 1A 06 18 32 04 00
00 00 06 14 0A 10 04 0A 1A 2A 26 16 1A 20 24 00
00 0A 14 06 06 0A 08 08 14 04 0A 10 10 1A 1A 00
00 10 10 0E 0E 06 12 1E 18 16 1A 10 06 10 10 00
00 1A 06 0A 0E 1A 1C 18 1C 16 1A 0C 10 1A 0A 00
00 24 06 06 14 24 18 1A 18 10 10 0A 0A 06 14 00
00 20 0A 06 10 06 16 06 16 10 20 10 0C 14 06 00
00 00 00 00 00 00 00 00 00 00 00 00 00 00 00 00
