00 00 00 00 00 00 00 00 00 00 00 00 00 00 00 00
00 7C AC 76 79 0A 2C 3A 54 5C 3C 74 5E 12 58 00
00 83 71 69 54 34 5E 49 54 51 88 41 1E 3E 74 00
00 3E B3 83 74 7C 40 10 16 30 48 59 6C C3 44 00
00 40 BC 3E C2 64 3A 26 41 10 20 3C 71 3A 26 00
00 68 56 70 8A 4C 88 5E 6C 54 24 48 51 1E 2C 00
00 3E 41 5C 51 59 88 1A 36 34 44 3A 30 30 2E 00
00 3A 61 26 83 86 71 4E 26 1E 38 68 64 1C 28 00
00 59 5C 5C 92 90 48 4C 0C 2A 18 3E 34 50 3C 00
00 82 4E 49 51 5C 86 26 2E 38 34 46 30 22 1A 00
00 74 24 49 54 48 2C 5C 49 54 24 34 30 26 44 00
00 51 69 70 38 46 30 06 38 1C 46 28 22 18 24 00
00 49 93 59 2A 28 40 66 46 3A 46 3C 1E 32 64 00
00 3A 50 0C 2C 28 26 0E 44 46 7C 2C 2E 78 7E 00
00 48 9E 8C 2A 24 49 8A 9A 4C AA 8E 64 51 70 00
00 00 00 00 00 00 00 00 00 00 00 00 00 00 00 00
