00 00 00 00 00 00 00 00 00 00 00 00 00 00 00 00
00 0A 10 1E 12 14 16 34 24 2C 16 41 2E 10 2A 00
00 0A 08 14 18 22 22 16 28 08 12 10 1E 18 24 00
00 0A 10 18 0E 2E 04 32 08 1A 1C 14 1C 14 28 00
00 1A 1C 1A 30 28 34 16 12 28 0C 1A 14 0A 04 00
00 10 16 14 28 30 34 0E 0E 2A 2E 16 0C 06 08 00
00 10 0E 28 2A 44 2E 3C 18 10 10 18 14 0C 28 00
00 10 04 08 08 49 38 3C 0E 1A 0A 0E 14 2E 16 00
00 20 38 20 10 06 1A 20 08 1E 08 0E 10 20 1A 00
00 20 26 30 16 0C 20 26 14 24 24 10 2A 36 1C 00
00 1A 10 24 1A 34 34 3A 30 10 1A 48 22 32 28 00
00 1C 14 22 14 2E 0A 34 24 24 10 36 3A 49 14 00
00 32 0C 24 06 20 44 3A 14 24 3A 34 14 26 30 00
00 1C 38 22 0E 0E 1C 10 20 26 2E 30 30 24 3E 00
00 24 1A 1A 0A 0E 32 1A 2E 28 41 48 30 0E 16 00
00 00 00 00 00 00 00 00 00 00 00 00 00 00 00 00
