00 00 00 00 00 00 00 00 00 00 00 00 00 00 00 00
00 30 0A 20 36 30 44 76 74 59 5E 48 64 76 76 00
00 1A 14 20 4E 49 4C 83 66 51 56 60 74 76 8A 00
00 16 26 3E 56 4C 5E 5E 34 56 74 76 80 74 76 00
00 08 28 3C 66 68 46 32 38 88 7C 7E 70 5C 70 00
00 1A 1A 34 54 3E 46 59 78 8A 76 69 51 70 7E 00
00 24 32 44 41 5E 5E 5C 6C 76 69 5C 69 7E 61 00
00 1A 38 38 5E 50 3A 49 70 90 86 83 79 66 66 00
00 34 2A 3E 5E 28 50 69 6E 71 70 66 61 70 79 00
00 44 22 38 59 5E 74 76 66 66 78 4E 5C 8A 80 00
00 2C 36 7E 8A 71 6E 56 66 80 92 7C 93 A3 79 00
00 40 4E 60 5C 58 3E 56 79 83 8E 79 80 82 60 00
00 40 3C 49 56 46 49 79 96 8A 66 51 70 7E 50 00
00 34 3C 59 54 4C 60 80 93 76 6C 8A A3 80 46 00
00 46 59 64 41 66 7E 79 76 66 79 90 8A 61 56 00
00 00 00 00 00 00 00 00 00 00 00 00 00 00 00 00
