00 00 00 00 00 00 00 00 00 00 00 00 00 00 00 00
00 24 1A 0A 0A 10 24 06 00 06 16 14 04 14 18 00
00 14 24 10 16 14 0C 14 10 14 20 10 1E 14 06 00
00 14 10 0E 0A 14 0C 1A 1A 10 1A 0A 16 0C 10 00
00 08 04 12 1E 10 1A 0A 1E 06 10 14 10 14 10 00
00 0A 1A 14 26 14 16 24 1A 16 10 06 06 0C 24 00
00 0A 1A 06 16 06 10 1C 0A 16 0E 0A 0A 00 06 00
00 0E 14 10 1A 0A 10 24 06 10 1A 1E 10 06 14 00
00 12 0E 0E 10 0C 24 16 0A 06 10 04 10 0A 06 00
00 22 04 06 10 10 20 16 0A 0E 14 0A 10 06 1A 00
00 0C 0A 06 1A 2E 24 0A 0A 16 16 20 10 0A 14 00
00 0A 0C 0E 12 1A 28 1A 0A 24 10 24 08 08 14 00
00 0A 0A 0A 1A 3E 20 1C 0A 1A 20 3A 1A 0A 1A 00
00 06 06 0A 14 10 0E 10 00 0A 20 30 26 20 06 00
00 06 0A 06 0A 0A 0A 10 10 0A 20 1A 30 28 10 00
00 00 00 00 00 00 00 00 00 00 00 00 00 00 00 00
