00 00 00 00 00 00 00 00 00 00 00 00 00 00 00 00
00 18 0E 20 1A 10 1A 20 0A 10 0A 14 10 1A 14 00
00 06 10 0C 0A 10 24 16 00 00 0A 06 24 20 0C 00
00 08 1E 24 10 0C 0E 14 0C 06 10 1A 10 0C 14 00
00 0E 28 1A 14 10 14 10 1A 0A 10 10 06 0A 10 00
00 28 0E 1E 14 10 0C 1E 16 0A 1A 10 1A 0A 00 00
00 04 38 24 14 10 16 1A 06 06 1A 16 24 06 0A 00
00 28 20 1A 24 06 0A 00 0A 10 16 14 06 14 06 00
00 04 16 20 16 0A 06 0A 0A 0A 0A 04 06 16 1E 00
00 20 16 1A 10 06 00 00 06 10 0A 08 0E 10 08 00
00 24 10 10 10 10 10 10 10 10 14 0A 18 1A 0E 00
00 1C 10 10 10 10 10 14 20 1A 1A 14 0E 10 0E 00
00 10 00 00 06 16 24 0E 30 10 1A 24 10 06 06 00
00 2A 20 20 20 24 24 1C 3E 30 14 00 14 10 1E 00
00 16 10 10 1A 06 14 22 10 2A 16 24 16 14 0A 00
00 00 00 00 00 00 00 00 00 00 00 00 00 00 00 00
