00 00 00 00 00 00 00 00 00 00 00 00 00 00 00 00
00 06 1A 1E 04 00 14 0A 0A 1A 10 0A 0A 06 1A 00
00 10 0A 1A 24 1A 20 24 10 10 06 00 06 1A 20 00
00 1A 0E 10 1A 10 06 10 04 1A 04 0A 06 1A 0A 00
00 24 1A 24 14 0A 14 14 1E 1A 14 00 14 10 1E 00
00 20 1A 0A 14 0A 10 1A 34 0C 16 10 1C 14 2A 00
00 20 20 1A 10 00 0A 12 14 04 14 10 20 38 34 00
00 0A 10 10 10 1A 10 0E 00 18 14 10 20 28 22 00
00 0A 10 06 00 06 0A 10 1E 14 0C 10 14 14 18 00
00 0A 14 0A 0A 06 10 16 0A 1A 24 1A 1C 2E 12 00
00 18 0A 0A 06 0A 14 10 20 14 0A 1A 0C 1A 06 00
00 0A 10 16 1E 16 10 10 20 10 1A 0A 1E 20 14 00
00 18 12 10 14 20 10 1A 10 24 16 1E 2A 24 0E 00
00 14 0E 24 10 1A 10 24 10 10 0A 1A 2E 38 24 00
00 14 0A 06 0A 06 0E 0A 0A 10 10 10 18 1A 1E 00
00 00 00 00 00 00 00 00 00 00 00 00 00 00 00 00
