00 00 00 00 00 00 00 00 00 00 00 00 00 00 00 00
00 0C 08 1A 02 20 24 2A 0C 0E 0A 1A 10 06 14 00
00 0C 04 22 20 3E 26 34 0A 10 14 0A 20 16 26 00
00 14 16 14 22 0A 1E 0C 1A 24 24 14 20 20 2E 00
00 2A 34 24 1C 2E 20 24 1C 1A 1E 18 10 18 20 00
00 10 26 2E 12 10 1A 16 04 1E 14 1A 0C 02 00 00
00 20 10 24 20 14 10 20 1A 0A 14 1A 1A 1E 10 00
00 1A 16 20 16 10 1E 1E 1C 10 0A 1E 0A 06 1E 00
00 26 2A 20 16 1A 1A 04 28 20 16 1A 06 0A 06 00
00 0A 10 1A 10 16 18 08 18 24 34 20 10 06 06 00
00 20 06 10 10 0A 06 0E 10 1A 1A 20 1A 1A 20 00
00 14 14 00 0A 0A 0A 06 10 0A 0A 20 0C 10 24 00
00 0E 1A 2A 20 06 06 0A 0A 14 0A 1A 14 14 06 00
00 10 1A 0A 1A 0A 10 0A 10 14 08 10 08 10 2E 00
00 14 1A 10 26 10 16 06 24 04 14 12 1E 10 16 00
00 00 00 00 00 00 00 00 00 00 00 00 00 00 00 00
