00 00 00 00 00 00 00 00 00 00 00 00 00 00 00 00
00 14 0E 0E 0A 10 10 10 1A 0A 0E 06 00 0A 16 00
00 06 0C 10 0A 14 00 1A 10 10 06 00 06 10 00 00
00 10 1E 16 18 10 10 20 04 14 0E 06 1A 14 10 00
00 1A 0E 14 12 14 14 10 1E 10 0A 10 20 1A 34 00
00 10 06 14 0E 1A 04 10 10 04 0E 10 1A 1A 10 00
00 0C 0A 00 0A 0A 06 06 0A 06 10 00 0E 10 1A 00
00 14 0A 10 00 00 00 0A 00 14 0A 14 20 24 16 00
00 10 14 14 1A 16 06 10 06 16 1E 10 1A 1A 2A 00
00 06 1A 14 00 14 14 14 06 00 0A 18 04 1E 2A 00
00 0A 14 10 1A 16 04 10 1A 10 10 04 0A 14 06 00
00 1E 10 0A 0A 06 06 14 06 06 0A 0C 0A 06 14 00
00 0A 0E 0A 00 0A 14 06 0A 0A 00 0A 0A 10 16 00
00 14 06 06 0A 0A 10 1A 00 10 1A 08 14 14 0A 00
00 10 14 06 00 10 00 10 14 14 1A 10 0A 14 28 00
00 00 00 00 00 00 00 00 00 00 00 00 00 00 00 00
