00 00 00 00 00 00 00 00 00 00 00 00 00 00 00 00
00 04 20 20 10 0A 06 00 00 0A 00 1A 1A 10 10 00
00 14 1A 1E 20 0A 06 0A 06 06 0A 06 10 10 10 00
00 0C 20 1A 14 06 00 00 0A 00 00 00 00 00 06 00
00 06 00 0A 06 14 0A 06 06 0A 06 06 0A 0A 10 00
00 0A 00 06 0A 14 10 14 16 1A 16 10 14 14 16 00
00 06 1A 16 1A 16 34 1A 14 10 1A 10 24 10 10 00
00 24 14 10 06 0A 1A 2A 20 1A 16 10 24 10 1A 00
00 0C 18 16 10 1A 10 16 10 06 10 10 1A 0A 1E 00
00 20 24 16 14 0C 1E 08 16 14 16 10 0C 14 0A 00
00 0A 0A 10 14 1A 1A 14 2E 06 24 10 24 0A 14 00
00 1E 16 1A 04 0C 22 18 1A 0E 1A 1E 14 1A 10 00
00 16 1E 16 0A 24 14 18 0A 06 14 14 14 10 1A 00
00 0A 04 1A 0A 1A 1E 0A 00 0E 0A 0A 1A 04 14 00
00 0A 0E 06 1E 10 04 06 14 0A 10 14 1A 06 14 00
00 00 00 00 00 00 00 00 00 00 00 00 00 00 00 00
