00 00 00 00 00 00 00 00 00 00 00 00 00 00 00 00
00 0E 0A 28 0A 1A 14 10 0A 22 28 04 10 20 20 00
00 1A 24 06 14 0A 16 10 10 28 10 14 10 00 06 00
00 14 0A 14 10 0A 0A 0A 10 0C 14 10 1A 10 1A 00
00 04 0A 0E 0A 10 0A 14 1A 16 20 20 10 06 16 00
00 0E 1E 1A 0A 1A 20 24 06 0A 0A 0A 0A 10 24 00
00 10 10 1A 14 16 1A 06 0A 06 14 10 14 14 10 00
00 06 06 10 0C 38 1C 0A 06 00 06 1A 20 20 10 00
00 10 14 10 0A 1A 28 00 14 10 14 10 04 32 0C 00
00 0A 0A 0A 0A 20 1C 0A 04 06 14 16 2C 3E 1C 00
00 0A 10 16 1E 18 1A 0A 14 1A 16 24 28 28 36 00
00 14 10 1A 1A 0A 2A 10 0C 04 18 10 06 24 22 00
00 16 26 1A 2E 16 1A 14 10 0A 14 14 14 10 1E 00
00 2E 14 1E 0A 14 24 10 10 0A 10 14 0E 10 0E 00
00 16 10 16 20 16 10 0A 06 00 0A 10 0E 2E 10 00
00 00 00 00 00 00 00 00 00 00 00 00 00 00 00 00
