00 00 00 00 00 00 00 00 00 00 00 00 00 00 00 00
00 48 14 22 16 0E 1C 24 2A 14 1E 10 06 14 12 00
00 06 41 2E 2A 12 14 2A 16 04 0C 20 2E 1A 22 00
00 41 14 2C 2E 06 18 0A 24 24 1A 2A 0C 38 28 00
00 04 4C 1A 18 14 0E 34 28 1A 00 20 1E 16 2C 00
00 34 3A 1E 16 1A 14 20 2A 12 0A 0C 06 20 1E 00
00 32 0A 20 16 20 04 14 22 14 1A 24 1A 18 24 00
00 2A 24 18 20 2E 24 10 16 14 18 12 2C 20 2A 00
00 18 20 0A 3E 1C 2A 06 14 20 06 14 14 26 1A 00
00 26 48 12 26 18 14 18 10 2C 14 1A 18 20 10 00
00 24 24 18 1A 14 1A 18 06 2A 0A 38 1E 1C 10 00
00 02 2E 12 2A 0E 26 1E 0A 26 22 10 14 3E 3A 00
00 30 32 24 1E 2A 44 2A 20 16 0C 1A 26 24 24 00
00 2A 1A 46 24 48 26 1E 1A 24 10 1A 20 20 24 00
00 40 41 0A 4E 26 06 2A 0C 16 10 20 10 10 14 00
00 00 00 00 00 00 00 00 00 00 00 00 00 00 00 00
