00 00 00 00 00 00 00 00 00 00 00 00 00 00 00 00
00 14 10 1E 24 0A 24 0A 24 1A 14 10 06 18 1E 00
00 10 28 18 20 30 2A 1C 2A 06 12 1A 0E 0E 14 00
00 24 14 28 0C 18 0E 0A 24 1A 24 0A 1E 0A 0E 00
00 16 1E 10 0A 10 24 10 0C 1A 16 24 16 10 0A 00
00 2E 10 10 0C 28 06 22 28 2C 0A 10 0E 0A 14 00
00 06 14 1E 14 06 14 2E 06 34 10 20 14 10 12 00
00 24 10 20 16 16 1A 0C 38 2C 06 10 16 24 16 00
00 16 1A 20 20 24 16 2E 14 0A 0A 06 14 0C 14 00
00 38 16 20 1A 16 10 16 18 06 04 10 16 1A 0C 00
00 1C 14 24 10 1E 0C 14 18 14 0A 14 14 0A 14 00
00 34 26 2E 04 0E 1A 14 10 20 0A 16 2E 16 06 00
00 14 1E 0A 0A 06 06 10 00 1A 04 14 06 1A 10 00
00 16 14 04 0E 0A 0A 10 16 24 0E 12 1E 12 14 00
00 22 14 10 0C 14 16 16 24 16 14 1A 0A 1A 20 00
00 00 00 00 00 00 00 00 00 00 00 00 00 00 00 00
