00 00 00 00 00 00 00 00 00 00 00 00 00 00 00 00
00 1A 0C 06 14 0A 10 06 1E 0C 0A 0A 00 0A 14 00
00 06 0A 06 10 14 14 1A 0A 1E 00 10 10 0A 1A 00
00 0A 06 1A 16 16 18 12 1E 16 0A 00 0A 10 0A 00
00 06 14 0A 24 0A 1E 20 10 06 06 0A 06 06 0A 00
00 16 20 14 1A 12 1E 0E 10 10 0A 06 00 00 00 00
00 24 14 1A 1A 0A 1A 0C 24 24 10 14 06 0A 06 00
00 20 20 2A 10 10 14 0E 1A 14 14 06 14 00 0A 00
00 06 1E 0C 10 1A 06 06 10 14 06 14 06 0A 06 00
00 0A 06 10 14 0A 10 0A 06 06 0A 06 00 00 00 00
00 0A 0A 16 1A 1A 16 0A 10 00 00 00 00 00 00 00
00 0A 0A 10 14 10 10 0A 10 00 00 00 00 00 00 00
00 06 06 0A 0A 0A 06 0A 06 00 00 00 00 00 00 00
00 00 0A 10 06 06 06 0A 06 06 0A 06 00 00 00 00
00 14 10 0A 14 0A 0A 00 0A 0A 00 0A 00 00 00 00
00 00 00 00 00 00 00 00 00 00 00 00 00 00 00 00
