00 00 00 00 00 00 00 00 00 00 00 00 00 00 00 00
00 1A 14 14 0A 0A 14 06 1E 10 06 0A 0C 14 0A 00
00 20 2E 1A 0A 04 0C 14 0C 00 06 10 1A 1A 0A 00
00 14 06 14 14 14 06 00 00 06 14 16 20 24 0E 00
00 0C 10 10 0A 06 0A 00 00 0A 16 34 1E 1A 1A 00
00 24 0A 14 04 0A 06 06 10 14 1E 1C 0A 24 0A 00
00 30 1A 10 06 14 06 10 1A 14 0E 2A 06 10 14 00
00 20 1C 1A 20 06 0A 10 10 1A 00 24 04 14 06 00
00 20 2A 0A 20 00 06 10 10 1A 10 16 06 10 06 00
00 10 30 24 30 10 10 06 06 10 16 20 14 0E 20 00
00 0A 12 0A 06 1E 10 0A 10 0E 24 20 10 06 3A 00
00 10 24 10 14 0C 0E 06 10 24 3A 1A 0C 1E 24 00
00 06 16 06 04 10 08 0A 10 1E 14 0A 0E 1E 0E 00
00 10 1A 14 0A 14 18 0A 1A 10 0C 04 1A 34 06 00
00 14 20 06 0A 10 06 0E 06 14 32 20 18 1A 14 00
00 00 00 00 00 00 00 00 00 00 00 00 00 00 00 00
