00 00 00 00 00 00 00 00 00 00 00 00 00 00 00 00
00 04 10 26 0E 08 28 20 20 10 00 0A 00 10 0C 00
00 0E 0A 14 06 1A 16 10 1A 1A 10 0A 10 1A 1A 00
00 0A 0E 10 0E 10 1A 20 16 1A 1A 00 1A 1A 20 00
00 16 18 06 04 04 0A 00 00 06 0C 24 10 0E 06 00
00 10 0A 1E 10 0E 0A 06 00 0A 1A 0E 18 10 24 00
00 1A 14 20 10 0C 0A 10 00 04 10 0E 0C 2E 10 00
00 2E 24 0E 10 10 0A 16 00 0A 1A 0E 1A 20 10 00
00 04 38 2A 14 14 0A 1A 06 10 0A 14 24 20 24 00
00 1E 0A 1A 1E 16 14 0C 10 10 1A 14 0E 1A 0A 00
00 04 1E 04 0A 1E 06 0A 10 14 10 10 06 20 1A 00
00 00 10 0C 24 10 16 20 24 0E 06 10 10 1A 06 00
00 14 1C 1E 16 14 14 24 24 20 24 10 1A 06 14 00
00 16 20 0C 10 20 20 3A 2E 0E 16 00 10 14 06 00
00 1A 24 1E 06 1A 04 1A 24 0E 16 0A 16 10 06 00
00 00 00 00 00 00 00 00 00 00 00 00 00 00 00 00
