00 00 00 00 00 00 00 00 00 00 00 00 00 00 00 00
00 16 2A 34 2A 36 3A 2A 24 24 3A 40 49 44 20 00
00 1C 34 2A 26 30 49 54 2C 40 59 44 2A 2C 3A 00
00 06 2C 46 58 3A 34 44 26 49 61 44 12 10 1A 00
00 16 48 44 2C 18 1A 3E 54 44 49 1A 0E 36 40 00
00 3E 36 22 38 34 2A 20 40 3A 40 2A 22 2A 2A 00
00 2A 38 30 2C 30 1A 0C 49 3E 34 34 12 1C 26 00
00 3A 2C 3A 40 46 2A 2A 54 2A 36 3A 1A 2A 3A 00
00 40 40 49 46 4E 16 1C 46 36 49 46 30 36 3A 00
00 26 2A 2E 24 40 2A 24 49 3A 40 40 36 44 30 00
00 38 34 26 20 26 3A 44 4C 46 49 3A 30 30 16 00
00 50 40 30 30 40 49 36 49 49 40 2C 36 3A 20 00
00 3E 28 34 26 40 46 40 49 36 30 30 3E 20 1A 00
00 26 2A 34 26 49 50 44 30 26 30 30 2C 1C 2A 00
00 16 1C 44 3A 3A 30 30 20 20 30 36 44 3A 40 00
00 00 00 00 00 00 00 00 00 00 00 00 00 00 00 00
