00 00 00 00 00 00 00 00 00 00 00 00 00 00 00 00
00 54 44 6E 4C 0C 26 12 26 64 28 08 3A 4E 41 00
00 34 0A 58 5E 10 38 44 22 6C 79 4E 64 90 4C 00
00 46 49 80 54 24 68 3E 44 C8 B6 6E 22 66 10 00
00 1A 18 48 41 51 3C 1C 9E DE 9A 48 38 70 36 00
00 34 22 34 56 4E 36 3A 71 A8 A3 80 69 64 60 00
00 24 41 1A 16 22 41 5E 30 A8 B3 7E 4C 59 46 00
00 1E 1C 50 1E 48 BC 79 3C 3A 76 66 1A 41 78 00
00 32 4E 48 78 6C 79 24 49 22 44 60 3C 26 A8 00
00 50 38 66 58 38 40 16 3E 46 2A 54 58 36 26 00
00 4E 14 46 40 41 24 36 24 2C 40 24 48 3A 4C 00
00 8E 34 40 30 48 36 20 10 30 38 49 66 60 70 00
00 8E 2C 40 2C 79 66 28 10 28 2A 41 58 96 6E 00
00 2E 49 3A 2A 3C 83 1C 16 26 0E 2C 74 BE 50 00
00 1C 3C 22 36 60 51 26 50 2E 56 78 B0 8E 74 00
00 00 00 00 00 00 00 00 00 00 00 00 00 00 00 00
