00 00 00 00 00 00 00 00 00 00 00 00 00 00 00 00
00 10 10 10 10 10 10 06 00 06 24 1A 10 00 10 00
00 00 14 14 10 06 0A 06 0A 0E 14 0E 0A 00 10 00
00 10 04 18 0C 1E 06 0A 0A 0E 10 0E 06 00 0A 00
00 00 20 14 10 10 0A 06 0A 0E 10 0A 06 0A 06 00
00 0A 1A 0E 22 0A 0A 00 00 06 00 06 0A 00 20 00
00 04 1A 24 0C 14 0A 10 06 14 10 0E 00 0A 1A 00
00 14 10 1A 10 10 0A 10 10 14 22 10 0A 00 0C 00
00 0E 06 06 1E 10 1A 2A 1A 2A 04 1A 16 10 06 00
00 28 1C 24 10 1E 14 10 1E 1E 14 06 16 1E 20 00
00 10 0A 10 24 0C 14 2A 24 14 06 0E 1E 14 14 00
00 3A 16 0A 20 10 10 10 10 16 1A 14 0E 14 0A 00
00 1E 1C 1E 1E 04 0A 06 06 14 06 0A 1A 16 24 00
00 1A 1A 32 18 10 1A 10 06 10 10 16 16 1E 06 00
00 14 1E 02 24 10 10 0A 14 0A 06 0A 06 14 20 00
00 00 00 00 00 00 00 00 00 00 00 00 00 00 00 00
