00 00 00 00 00 00 00 00 00 00 00 00 00 00 00 00
00 16 06 1A 1A 14 1A 04 1A 1C 16 08 0E 14 1E 00
00 20 14 16 0C 2A 2A 16 1E 14 10 14 14 24 1E 00
00 24 0A 1A 14 0A 0A 10 20 20 06 0C 16 0E 08 00
00 0C 06 16 20 24 10 06 10 24 1A 0A 0A 06 0E 00
00 14 06 10 10 06 0A 0A 00 16 34 2A 06 00 0A 00
00 16 0A 10 14 06 1A 1A 20 10 06 2E 16 00 0C 00
00 32 20 10 06 06 20 10 2A 16 0A 16 24 06 1E 00
00 04 1A 06 06 14 20 0A 20 1A 16 34 26 10 0C 00
00 1E 20 1A 1A 0A 1A 06 16 16 34 30 1A 16 32 00
00 10 00 10 00 14 16 14 16 10 1A 14 14 06 08 00
00 10 1A 1A 10 06 14 0A 0A 24 10 16 22 08 14 00
00 10 1A 2A 20 10 0C 16 28 1A 10 2E 00 1E 10 00
00 0C 10 30 20 20 0A 1A 08 18 0C 1A 18 0A 0A 00
00 1E 14 28 10 1E 08 1A 0C 10 06 14 0A 04 0A 00
00 00 00 00 00 00 00 00 00 00 00 00 00 00 00 00
