00 00 00 00 00 00 00 00 00 00 00 00 00 00 00 00
00 06 1A 10 1A 16 24 0C 1A 10 2A 1A 0A 0A 0A 00
00 16 2A 06 0C 2E 10 18 10 0A 16 00 06 06 0A 00
00 2A 24 10 0A 10 0E 10 24 0E 20 0A 0E 06 06 00
00 14 0E 14 04 0A 14 10 24 16 16 14 0A 0A 10 00
00 14 14 14 10 14 00 24 1A 1E 10 06 1A 06 10 00
00 0A 0A 0E 14 06 0A 0C 10 06 20 20 14 0A 0A 00
00 06 0A 0E 06 0A 06 0A 0A 0A 14 10 0E 02 14 00
00 10 06 06 24 10 10 10 0A 0E 14 1C 1A 1A 10 00
00 0A 0A 0A 10 1A 1E 10 1E 06 14 10 00 16 24 00
00 06 10 06 1A 1A 04 18 08 06 10 20 1A 06 10 00
00 10 10 1E 16 2A 24 1E 24 20 0A 10 24 14 16 00
00 26 1E 14 24 14 28 1E 2A 20 0A 14 2E 1A 1A 00
00 28 1A 34 10 14 20 18 40 2A 20 0E 16 0C 10 00
00 04 2E 16 10 14 28 10 2E 10 1A 0A 24 24 10 00
00 00 00 00 00 00 00 00 00 00 00 00 00 00 00 00
