00 00 00 00 00 00 00 00 00 00 00 00 00 00 00 00
00 0A 14 06 28 1C 14 06 1A 1A 10 0A 10 2A 10 00
00 0A 10 00 1A 16 06 06 1A 06 1A 0C 2E 10 28 00
00 0E 0E 0A 06 14 10 14 16 10 20 1A 20 1E 04 00
00 24 2A 10 24 14 14 0A 10 14 10 06 20 16 00 00
00 10 24 0A 10 10 1A 06 0C 10 20 20 1A 10 14 00
00 0C 2A 06 10 06 24 04 24 1A 10 24 0E 1E 06 00
00 06 2A 1A 20 10 1A 14 24 0C 1A 10 14 10 0A 00
00 2C 18 16 24 0A 0A 1E 22 14 16 14 0A 0A 0A 00
00 0C 24 34 26 1A 10 0C 1A 06 1A 06 18 0C 04 00
00 18 10 1A 10 14 20 1E 1C 10 1A 1E 0A 14 0E 00
00 0A 14 16 2E 10 2E 10 38 0A 24 10 0A 10 0A 00
00 0A 10 24 20 0A 16 18 16 18 10 10 10 0A 10 00
00 1A 1E 06 10 10 00 0E 06 0A 1A 16 1A 14 1A 00
00 10 0A 14 00 0A 14 14 10 00 0A 0A 06 14 10 00
00 00 00 00 00 00 00 00 00 00 00 00 00 00 00 00
