00 00 00 00 00 00 00 00 00 00 00 00 00 00 00 00
00 1A 06 24 24 20 24 10 10 14 16 14 0E 1E 20 00
00 20 10 20 1A 16 16 10 06 06 24 26 20 0A 10 00
00 06 00 16 1A 16 10 0A 06 1A 1A 2E 26 24 20 00
00 14 06 1A 10 1A 1A 1C 24 20 10 1C 20 20 26 00
00 1A 14 10 24 0A 20 2A 20 16 10 20 1A 20 20 00
00 14 20 1A 24 1A 14 06 1E 0C 12 14 20 26 2A 00
00 1E 06 10 20 0C 06 14 06 00 14 24 1A 20 16 00
00 10 0A 14 10 10 10 16 10 10 10 1A 10 1E 14 00
00 0C 1A 1A 06 0A 00 0A 06 0A 0A 16 24 0A 24 00
00 10 20 16 10 06 00 06 14 10 0A 16 26 1A 26 00
00 10 1A 0A 0A 06 10 10 04 12 1E 2A 40 30 3A 00
00 10 20 20 06 10 0E 1E 0C 24 34 1E 2E 1A 20 00
00 00 10 2E 16 10 14 1A 0E 1E 0E 1E 1A 24 1E 00
00 1A 1A 1A 2A 0A 06 1A 14 14 24 10 18 2A 1C 00
00 00 00 00 00 00 00 00 00 00 00 00 00 00 00 00
