00 00 00 00 00 00 00 00 00 00 00 00 00 00 00 00
00 0A 10 2A 20 34 2A 1A 10 06 2E 20 1A 14 0E 00
00 24 1E 1C 14 00 1A 20 0E 18 0A 1A 1A 16 22 00
00 10 22 1C 16 34 20 16 1E 0A 1A 14 20 14 14 00
00 30 1E 1E 1E 10 1A 10 10 20 0A 08 1A 20 1E 00
00 26 14 24 10 1A 20 24 10 2E 1A 14 24 12 1A 00
00 2A 14 1A 1E 16 16 24 04 16 04 18 12 14 06 00
00 20 10 10 1E 20 10 10 10 10 0A 10 24 06 0A 00
00 14 06 10 1A 2A 16 10 20 14 02 18 0A 14 06 00
00 20 16 10 1E 06 0A 1A 1A 0A 0E 0A 18 06 00 00
00 10 1E 00 10 1A 1E 1A 14 10 0A 1A 0A 0A 0C 00
00 1A 16 10 0A 06 0A 1A 1A 10 14 1E 10 00 0A 00
00 06 10 10 06 0A 00 0A 0A 06 1A 1A 14 10 10 00
00 06 14 10 06 0A 10 0A 1A 0E 10 20 10 0A 04 00
00 14 10 1E 18 0A 16 24 24 2E 1A 24 20 14 04 00
00 00 00 00 00 00 00 00 00 00 00 00 00 00 00 00
