00 00 00 00 00 00 00 00 00 00 00 00 00 00 00 00
00 10 0A 1A 1A 06 28 14 24 0C 1E 20 0E 0A 1A 00
00 06 06 10 0A 14 10 1E 1C 14 0C 0A 12 0C 24 00
00 1A 1A 1A 1E 10 14 0A 0A 10 18 04 08 14 1A 00
00 10 0C 24 10 0A 0A 0C 10 1A 0A 10 04 18 0E 00
00 0A 2A 20 34 16 10 1A 10 0A 0A 14 0E 0A 1E 00
00 06 20 14 20 24 10 24 24 10 14 10 06 14 10 00
00 10 20 20 30 20 14 20 0A 1A 06 06 14 10 0A 00
00 10 00 10 1A 00 24 24 24 10 20 18 0A 1A 06 00
00 16 24 0E 10 18 14 16 1A 0A 24 14 24 16 0A 00
00 1A 2A 20 2E 24 0A 14 06 0A 16 14 24 16 0E 00
00 06 14 14 0A 1A 14 16 10 10 1E 10 10 10 0E 00
00 1A 16 1A 1A 1C 1E 16 28 1A 06 1A 14 0A 08 00
00 06 0A 0C 06 14 06 10 1A 14 14 06 0A 14 14 00
00 14 06 24 14 0C 0A 10 28 20 00 0A 06 10 1A 00
00 00 00 00 00 00 00 00 00 00 00 00 00 00 00 00
