00 00 00 00 00 00 00 00 00 00 00 00 00 00 00 00
00 14 04 10 10 00 0A 10 0E 06 18 1A 1C 1A 16 00
00 26 1A 16 1A 10 10 1E 1A 06 24 1A 10 00 06 00
00 0A 0A 10 10 1A 10 00 1A 0E 1A 16 26 1A 04 00
00 16 10 06 00 06 06 0E 14 10 0A 1A 24 0A 1E 00
00 10 0A 06 10 1A 14 0A 04 0A 04 10 26 2A 16 00
00 1A 00 14 0A 06 14 10 14 0A 12 0E 06 10 1A 00
00 10 0A 06 10 10 00 10 0E 0E 0E 00 1E 16 0E 00
00 10 14 06 00 10 1A 14 0C 22 08 14 06 24 1A 00
00 24 20 1A 10 1A 10 0A 0A 10 16 14 14 0C 0E 00
00 06 10 10 10 00 10 00 14 06 14 0A 1A 10 10 00
00 14 0C 10 1A 14 10 10 0A 0A 06 10 1A 1A 06 00
00 10 1A 1A 0A 0E 0A 1A 10 14 06 06 06 04 34 00
00 06 1A 06 10 10 0A 10 10 0A 0A 10 0A 16 49 00
00 06 1A 1A 10 10 1A 10 14 06 06 1A 06 10 44 00
00 00 00 00 00 00 00 00 00 00 00 00 00 00 00 00
