00 00 00 00 00 00 00 00 00 00 00 00 00 00 00 00
00 0E 30 10 1E 14 20 30 34 1C 10 1A 10 12 10 00
00 1E 0E 24 0E 14 1A 0E 18 02 16 14 04 2E 24 00
00 10 1E 2C 1A 0A 10 1E 18 1A 2A 1E 20 2A 1E 00
00 0A 16 1E 1A 18 10 08 18 32 3A 16 41 16 04 00
00 28 12 22 16 0E 08 22 36 3E 2E 1C 2C 34 16 00
00 18 32 16 2E 0A 22 12 30 20 0C 16 24 22 24 00
00 24 16 14 14 26 1E 0C 26 2E 30 44 2A 28 14 00
00 0A 04 12 24 2E 02 1C 1A 40 3E 1A 14 20 28 00
00 24 16 28 12 0C 04 1E 44 48 20 22 16 16 12 00
00 1E 0C 02 04 12 1E 16 1C 54 3E 12 20 10 10 00
00 0A 22 1E 0C 10 20 0C 0A 0C 2E 1A 1E 14 14 00
00 24 0C 18 1C 16 28 12 16 34 36 18 20 1C 0A 00
00 08 38 24 22 38 14 22 16 30 24 0E 1E 1A 06 00
00 28 20 24 1E 22 3C 08 24 1A 0C 14 14 14 0E 00
00 00 00 00 00 00 00 00 00 00 00 00 00 00 00 00
