00 00 00 00 00 00 00 00 00 00 00 00 00 00 00 00
00 06 0A 0A 06 10 14 1A 1E 10 10 24 16 06 10 00
00 0A 06 00 06 10 16 1A 0A 10 10 16 2A 1A 06 00
00 10 04 0A 0A 00 00 00 0A 06 10 34 2A 16 00 00
00 14 00 0A 0A 0A 04 0A 06 10 14 10 20 1A 00 00
00 18 0E 04 0C 14 10 0A 00 10 06 0A 1E 04 06 00
00 14 10 10 0E 08 0E 14 10 20 20 20 0A 1E 14 00
00 04 1E 0E 08 24 2E 10 00 24 24 1A 1E 0A 1E 00
00 0A 10 06 0A 1E 10 1A 16 2A 10 2A 14 14 10 00
00 0A 06 14 04 10 06 06 0A 10 0A 10 1A 10 00 00
00 0A 14 10 14 10 0A 0A 06 10 16 16 20 16 04 00
00 20 0A 10 06 06 0A 0A 14 16 1E 0A 10 32 16 00
00 20 14 1A 0A 06 06 14 14 1A 0A 24 24 04 28 00
00 26 0A 2E 16 04 14 0C 14 14 14 2A 04 24 06 00
00 20 32 06 1E 1E 0A 1A 10 0A 18 14 22 10 0A 00
00 00 00 00 00 00 00 00 00 00 00 00 00 00 00 00
