00 00 00 00 00 00 00 00 00 00 00 00 00 00 00 00
00 10 10 10 04 14 16 18 0A 24 24 2A 18 1E 10 00
00 1E 1A 1A 14 10 1E 1E 14 06 2E 14 18 08 10 00
00 2A 12 1A 16 0A 0E 16 10 24 14 18 0C 10 28 00
00 16 1E 1A 1E 16 2E 24 06 16 1E 16 10 14 04 00
00 10 16 06 1C 34 1A 14 1A 10 0C 0A 0A 00 04 00
00 0A 18 0A 10 14 12 14 16 06 14 10 06 14 14 00
00 04 14 12 06 06 04 06 24 10 10 16 14 10 18 00
00 2E 1A 18 10 10 0E 04 1A 2A 1A 26 1A 20 10 00
00 10 28 16 10 10 06 14 12 20 20 2A 10 10 14 00
00 2A 26 10 16 1A 10 06 1E 0C 14 06 0A 06 14 00
00 14 0A 10 0A 1A 16 14 0C 0A 0C 0A 06 10 16 00
00 20 26 2E 16 24 10 06 0A 06 1E 06 00 0A 0A 00
00 00 24 16 0A 14 0E 10 06 06 16 10 06 10 1C 00
00 0A 16 14 04 14 0A 14 14 10 20 24 0E 10 24 00
00 00 00 00 00 00 00 00 00 00 00 00 00 00 00 00
