00 00 00 00 00 00 00 00 00 00 00 00 00 00 00 00
00 56 22 0C 44 50 58 36 2C 0E 49 4C 80 3A 3C 00
00 64 49 44 71 9A 56 12 38 1E 2C 44 30 3E 68 00
00 24 38 16 5C 69 1A 20 41 41 14 4C 1C 36 24 00
00 16 06 14 4C AC 48 1E 1E 61 24 46 26 51 3E 00
00 34 26 3A 1E 49 86 64 3C 61 50 20 18 80 10 00
00 54 16 02 3A 70 5E 54 0C 61 6C 24 24 56 BC 00
00 2C 56 36 79 5C 50 36 40 34 5E 79 2C 61 64 00
00 20 58 60 66 3C 08 58 08 69 14 1C 2C 28 2A 00
00 A8 46 82 34 12 5C 51 44 49 1A 7E 58 3E 68 00
00 BE 38 A0 71 24 3C 30 2C 32 68 8E 68 8A 80 00
00 36 6C 8E 7C 28 58 28 64 41 5C 68 EE D6 71 00
00 2E 93 BC 60 48 58 18 5C 2A 59 68 E6 56 5C 00
00 28 7E 8A 54 69 74 4C 71 34 41 80 40 7C 56 00
00 66 40 A3 B6 40 70 B6 14 38 2C 2A 4C 4C 5C 00
00 00 00 00 00 00 00 00 00 00 00 00 00 00 00 00
