00 00 00 00 00 00 00 00 00 00 00 00 00 00 00 00
00 20 10 06 0A 1E 06 00 16 20 16 06 14 0E 0A 00
00 10 10 16 14 06 0A 0A 20 24 24 1E 16 10 10 00
00 0A 10 1A 06 1A 0C 0A 10 20 0C 02 10 10 10 00
00 06 10 10 1A 14 28 14 0A 1A 0A 14 1A 20 1A 00
00 20 24 10 16 18 16 0E 06 16 0A 1C 10 0C 0A 00
00 1E 0E 0A 06 16 24 20 06 16 10 2A 1A 1E 10 00
00 18 24 1A 1A 1E 0A 1A 0A 1A 10 20 10 04 1A 00
00 06 06 10 0A 0E 14 0C 0C 1A 14 20 10 14 06 00
00 10 10 10 10 16 14 0A 1A 1A 0A 10 00 06 14 00
00 0E 0A 04 1A 1A 10 14 10 1A 20 1A 06 06 0E 00
00 28 20 24 14 04 0A 06 06 14 14 0A 0A 14 00 00
00 20 38 30 0C 10 06 00 00 06 04 06 04 06 1E 00
00 1A 1A 0A 10 0A 16 1A 16 10 0E 10 04 0A 10 00
00 20 10 10 20 0C 2A 1A 24 0A 24 1E 0E 00 04 00
00 00 00 00 00 00 00 00 00 00 00 00 00 00 00 00
