00 00 00 00 00 00 00 00 00 00 00 00 00 00 00 00
00 2A 1C 2A 40 40 30 3A 1A 24 22 36 3A 30 3A 00
00 2E 10 26 3A 3A 2C 30 16 26 3E 3E 34 30 40 00
00 1A 1C 44 30 34 44 36 16 34 40 36 1C 20 3E 00
00 38 48 3A 28 3A 32 44 2E 26 30 36 30 49 60 00
00 36 54 30 3A 2E 2C 49 12 20 2A 30 36 44 3A 00
00 36 30 28 3C 34 38 38 1A 26 30 40 3E 34 32 00
00 4E 2A 16 40 44 2C 3A 32 30 3E 3E 36 32 34 00
00 2C 20 24 36 44 16 24 5E 5E 2A 26 44 32 34 00
00 2E 44 26 3A 36 1C 44 54 44 12 2A 41 34 2A 00
00 0C 36 3E 2C 38 40 3A 20 3E 51 32 0C 3A 3A 00
00 34 49 44 16 18 51 38 20 12 50 40 1A 2E 3A 00
00 1C 26 22 1E 46 26 2C 30 24 3A 2E 3A 34 1E 00
00 3A 30 30 40 3C 16 24 49 34 26 30 40 2C 22 00
00 44 3C 44 34 2A 1C 36 44 1A 26 36 49 4C 34 00
00 00 00 00 00 00 00 00 00 00 00 00 00 00 00 00
