00 00 00 00 00 00 00 00 00 00 00 00 00 00 00 00
00 7C 78 98 66 24 2A 34 71 51 3C 64 56 7E 04 00
00 59 24 3E 69 40 20 2E 2A 44 36 74 50 51 3C 00
00 2A 18 26 1E 58 3E 34 4E 32 64 20 5E 61 46 00
00 22 12 2A 1A 51 6E 0E 44 61 28 16 4C 3E 56 00
00 20 59 64 30 56 54 28 58 80 49 2E 48 51 3A 00
00 24 56 08 36 51 90 36 83 69 44 46 2E 69 7C 00
00 86 66 68 68 2C B8 58 86 93 9E 46 64 61 50 00
00 68 2A 1E 30 14 BA A6 D0 FF 59 30 28 28 3E 00
00 69 46 56 16 0A 74 98 B2 79 22 40 28 88 76 00
00 30 51 3E 46 26 59 38 58 71 16 38 49 6E 2A 00
00 1A 74 06 3A 18 34 12 74 74 34 60 96 7C 1C 00
00 08 58 3A 36 0A 40 60 C0 A0 7E 6E 3A 24 4C 00
00 28 4C 76 59 3A 44 78 A3 7C 38 49 69 3A 4C 00
00 58 46 30 2C 41 1C 71 92 8A 1E 40 2C 18 34 00
00 00 00 00 00 00 00 00 00 00 00 00 00 00 00 00
