00 00 00 00 00 00 00 00 00 00 00 00 00 00 00 00
00 1E 24 10 1A 1E 28 10 1E 10 0C 10 10 16 1A 00
00 1E 1A 20 0E 12 24 22 14 1A 1A 0C 24 1A 06 00
00 04 10 10 1A 1E 0A 12 14 10 16 0A 10 10 1E 00
00 0A 10 24 10 06 24 0A 1A 10 10 06 10 24 06 00
00 06 14 14 14 14 16 1A 0C 1E 04 10 14 06 0A 00
00 0A 0C 1A 16 06 10 10 0A 10 10 24 0C 14 06 00
00 0A 0A 10 10 10 10 1A 16 20 20 26 1A 0C 14 00
00 06 00 06 0A 16 0E 06 0A 10 10 1A 0A 10 16 00
00 14 06 0A 10 24 0A 24 10 16 1A 16 14 10 14 00
00 20 1A 10 14 0C 10 2A 16 06 00 00 06 0A 0E 00
00 10 1A 20 0A 06 14 20 24 1A 10 06 0A 06 06 00
00 20 34 1A 0A 0C 20 34 10 10 24 2A 06 0A 00 00
00 2E 10 1A 24 26 38 16 24 24 0C 1E 18 06 00 00
00 1A 24 2A 16 1A 06 2A 1A 14 1A 10 0E 10 00 00
00 00 00 00 00 00 00 00 00 00 00 00 00 00 00 00
