00 00 00 00 00 00 00 00 00 00 00 00 00 00 00 00
00 0E 16 2A 16 16 1A 26 24 16 1C 28 14 2A 10 00
00 10 0E 14 2A 1E 08 0E 0A 00 20 24 3A 20 2A 00
00 06 18 10 16 14 1E 1A 06 00 20 14 24 1A 16 00
00 0E 0E 14 14 14 12 0E 16 1A 18 0A 12 10 20 00
00 1E 2E 24 24 1A 0A 1E 1A 1A 24 0A 1A 14 06 00
00 1A 26 10 10 10 0A 16 06 1A 0C 0A 10 16 26 00
00 1A 2E 2A 10 10 0A 24 0C 24 10 14 12 28 12 00
00 0A 04 1A 10 24 1A 1A 10 20 14 06 28 0E 1A 00
00 06 10 1A 0A 10 34 1A 0C 24 06 14 14 12 28 00
00 1A 06 10 00 0E 0C 0A 00 10 14 0E 02 1E 10 00
00 0A 0A 10 14 0A 14 0C 10 10 0A 06 24 16 0C 00
00 14 0C 20 16 1A 06 0A 0A 00 06 1E 12 28 26 00
00 06 2A 34 20 10 06 16 10 06 14 10 10 30 1A 00
00 16 34 0A 24 1A 10 1E 0C 28 12 10 0A 24 10 00
00 00 00 00 00 00 00 00 00 00 00 00 00 00 00 00
