00 00 00 00 00 00 00 00 00 00 00 00 00 00 00 00
00 2E 26 3E 22 14 10 16 1A 1E 14 0A 14 14 22 00
00 22 1E 24 24 22 20 16 2E 18 20 0C 08 24 18 00
00 20 38 34 49 14 24 16 34 2A 1A 14 20 28 14 00
00 0A 28 24 14 20 2A 16 34 0C 0C 14 16 0E 0E 00
00 1A 2A 2E 1C 2A 26 0A 1A 1A 16 1A 2A 24 14 00
00 04 10 0E 10 2E 22 1E 10 1E 04 14 06 06 12 00
00 10 14 1A 22 10 10 28 16 1A 12 2E 1C 16 3E 00
00 1A 10 24 28 24 38 20 22 04 22 08 38 26 40 00
00 12 22 0C 12 12 12 36 14 0E 06 2E 30 16 2A 00
00 36 1C 0C 28 34 38 0A 1E 1A 2E 1C 2A 20 0A 00
00 0C 1E 0A 0E 0C 06 1C 1A 24 16 1A 0E 28 38 00
00 1C 0E 14 16 1E 10 12 1C 24 0C 2A 24 22 14 00
00 20 28 10 10 14 1A 0A 2A 3E 2C 32 0E 0C 1A 00
00 16 20 32 1A 06 06 1E 20 34 20 14 34 20 0E 00
00 00 00 00 00 00 00 00 00 00 00 00 00 00 00 00
