00 00 00 00 00 00 00 00 00 00 00 00 00 00 00 00
00 14 10 0A 0A 06 10 06 00 16 1A 0C 1A 16 1E 00
00 06 00 16 0A 16 24 20 1A 06 14 04 14 34 20 00
00 06 0A 20 14 1E 10 0C 0E 18 0A 0A 10 26 3E 00
00 0A 06 0A 1A 18 1A 20 1E 08 0A 10 0A 14 00 00
00 0A 1A 10 24 16 1A 10 14 0A 10 0A 24 1A 24 00
00 0A 14 0A 10 24 16 06 06 00 06 04 16 24 04 00
00 0A 04 14 14 0C 24 1C 10 0A 10 0E 14 24 18 00
00 1A 0C 1A 20 22 0E 22 16 16 20 32 18 16 0E 00
00 1A 04 0A 14 1C 18 14 14 0A 0A 0E 34 2E 1A 00
00 1C 28 16 1E 1A 24 14 14 14 16 1C 36 16 2A 00
00 24 0C 14 16 10 1A 24 24 24 06 18 3A 20 1C 00
00 06 28 16 14 14 0A 30 2E 1C 1E 1C 3E 24 16 00
00 20 24 2A 1E 26 24 16 20 1A 06 1E 26 26 26 00
00 26 14 38 20 1A 20 16 1A 0C 10 22 1E 1E 0A 00
00 00 00 00 00 00 00 00 00 00 00 00 00 00 00 00
