00 00 00 00 00 00 00 00 00 00 00 00 00 00 00 00
00 0E 1E 1A 2E 0A 1A 04 0E 06 00 06 0A 0C 10 00
00 1A 16 20 2A 1A 20 14 10 0A 0A 06 00 0A 10 00
00 10 06 2A 1E 24 24 04 14 0A 0A 0A 00 06 06 00
00 14 04 24 14 0A 04 06 10 1A 1A 10 00 0A 00 00
00 06 1E 10 10 06 14 1A 10 0A 04 1A 06 06 0A 00
00 34 1E 20 16 1A 0A 0A 20 14 1A 24 20 06 0A 00
00 10 1E 20 1A 16 10 10 20 06 2A 10 14 14 0C 00
00 20 26 20 16 24 10 10 0E 18 1A 1E 0A 10 2E 00
00 04 0E 16 24 16 06 06 20 24 16 0A 1A 10 16 00
00 00 20 1E 0C 06 14 06 24 06 1A 06 10 16 2E 00
00 04 24 10 24 1A 00 1E 10 28 20 10 1A 24 20 00
00 16 10 0A 06 1A 10 16 28 10 0E 0A 00 04 14 00
00 24 0C 1E 16 1A 06 06 0A 14 10 10 06 0A 10 00
00 10 00 0A 14 0A 10 10 0A 06 0A 0E 10 06 14 00
00 00 00 00 00 00 00 00 00 00 00 00 00 00 00 00
