00 00 00 00 00 00 00 00 00 00 00 00 00 00 00 00
00 14 1A 06 14 1A 20 20 2A 3E 10 0A 06 1A 0C 00
00 06 0C 0A 04 10 0A 0E 1E 2A 14 0A 1A 26 1E 00
00 06 24 16 1E 0E 14 14 24 1A 14 28 1A 1A 0A 00
00 16 2A 16 2A 24 0A 0A 16 1A 20 0C 14 16 24 00
00 0A 10 10 1A 10 24 16 06 14 0C 0A 06 0A 06 00
00 10 06 00 0C 18 10 24 10 16 1A 0A 14 00 1A 00
00 10 10 06 1E 10 18 10 06 10 10 0A 10 0A 10 00
00 0A 10 16 18 14 06 14 0A 10 1A 1A 2A 06 1A 00
00 06 10 1E 10 14 0A 10 18 12 24 12 2E 20 10 00
00 10 0A 10 14 0A 14 08 28 14 16 14 10 2A 24 00
00 16 1E 16 0A 0A 14 14 1A 12 14 0C 06 16 0A 00
00 24 14 18 00 14 10 16 1A 14 10 1A 0A 10 10 00
00 04 14 04 0A 06 0A 0C 10 14 06 0C 0A 10 10 00
00 18 0A 0E 00 10 10 0A 0A 06 14 1A 1A 06 06 00
00 00 00 00 00 00 00 00 00 00 00 00 00 00 00 00
