00 00 00 00 00 00 00 00 00 00 00 00 00 00 00 00
00 3E 12 0C 24 16 18 10 2E 24 1A 2C 30 2A 2A 00
00 20 24 1E 1A 34 18 18 16 26 06 14 06 00 20 00
00 3E 16 1A 14 10 14 10 06 30 2E 16 0A 00 20 00
00 2A 2A 00 0E 06 04 00 10 34 14 1A 0E 06 18 00
00 2A 2A 04 1A 24 1A 06 10 30 3E 30 2A 1A 0E 00
00 3A 26 24 16 06 1A 10 0A 08 0A 1E 26 0A 16 00
00 1A 24 16 1A 0C 24 06 06 0E 0A 16 26 10 28 00
00 10 10 20 20 1A 10 1A 14 0A 1A 24 26 14 20 00
00 0E 0A 1E 16 24 04 14 0A 14 10 16 20 1A 20 00
00 14 1A 06 1A 14 04 0A 14 10 1A 1C 16 1A 30 00
00 1E 16 14 0E 12 10 14 16 14 0A 24 10 20 24 00
00 16 10 1A 0A 06 1E 10 28 0A 1A 12 00 10 06 00
00 1A 10 06 1A 16 26 34 16 1A 00 0A 10 14 10 00
00 24 06 10 20 1A 14 12 14 16 00 0A 14 0A 18 00
00 00 00 00 00 00 00 00 00 00 00 00 00 00 00 00
