00 00 00 00 00 00 00 00 00 00 00 00 00 00 00 00
00 18 38 20 20 2A 16 22 14 1C 20 2E 24 12 16 00
00 2A 0A 0C 24 24 0A 04 14 16 1A 14 28 0A 20 00
00 0A 00 24 20 0E 0E 0C 16 1A 10 18 10 1E 1A 00
00 10 14 10 24 10 06 32 1A 10 0A 1C 16 26 22 00
00 10 0E 14 10 10 1E 0C 1A 0C 0A 1E 10 1A 1E 00
00 20 1E 0A 16 1A 00 10 1A 20 2A 2A 22 3E 20 00
00 24 10 14 1E 06 08 18 14 2E 2A 10 0A 16 24 00
00 10 0A 24 20 18 24 28 24 16 30 34 16 24 20 00
00 12 1A 10 14 14 3A 14 26 0A 16 24 0A 14 0C 00
00 2E 10 10 16 1A 2E 1A 14 1A 1A 10 14 0A 1A 00
00 3A 24 10 1A 06 14 24 1A 0A 0A 10 16 14 10 00
00 1A 0A 1A 1A 0A 06 24 20 0C 10 1A 1A 0A 10 00
00 06 10 24 0C 14 24 20 10 16 1A 10 0A 10 24 00
00 10 10 20 24 10 0C 24 0C 24 20 20 1A 30 20 00
00 00 00 00 00 00 00 00 00 00 00 00 00 00 00 00
