00 00 00 00 00 00 00 00 00 00 00 00 00 00 00 00
00 0E 18 0E 1E 2E 06 14 0C 2A 2A 1C 30 8A EA 00
00 14 10 20 2A 12 00 06 00 06 1A 24 26 6C D0 00
00 1A 10 0A 06 0A 10 1A 10 1A 10 0E 10 36 93 00
00 10 00 0A 06 10 1E 0C 1E 24 06 10 24 20 41 00
00 06 14 06 0A 14 0A 06 26 2A 06 0A 16 2A 3C 00
00 14 0C 14 1E 0A 0A 06 24 20 10 1A 28 16 3E 00
00 10 14 14 10 14 10 14 16 3E 20 1A 10 24 12 00
00 0A 0A 0C 2E 0C 10 10 14 06 1E 1A 2A 1A 14 00
00 1A 00 14 0A 14 10 06 10 24 10 1A 22 38 16 00
00 0A 14 0A 14 10 00 0A 10 14 28 20 34 20 0A 00
00 04 10 14 10 00 0A 00 06 1A 04 26 30 10 0E 00
00 0A 0A 0A 16 10 0C 10 1A 24 10 1E 24 1A 1A 00
00 0A 10 0E 20 24 16 14 14 1A 2A 18 1E 16 16 00
00 0A 1A 10 3E 10 2A 1A 34 34 10 10 04 06 1E 00
00 00 00 00 00 00 00 00 00 00 00 00 00 00 00 00
