00 00 00 00 00 00 00 00 00 00 00 00 00 00 00 00
00 10 14 06 1C 1E 04 14 0A 14 08 0E 0A 06 0A 00
00 20 1E 16 10 24 0C 06 0A 1A 32 02 1A 1A 0A 00
00 41 06 1A 0E 14 18 14 00 1A 14 18 20 10 1A 00
00 16 28 16 14 0E 10 14 14 0C 18 0E 12 10 16 00
00 0A 0E 10 20 0A 22 0E 0A 14 06 24 2A 10 0A 00
00 0A 2A 30 2A 24 0A 18 1A 0A 1E 06 2A 20 10 00
00 24 2E 10 0E 10 28 0C 0C 14 0A 24 1A 14 10 00
00 2A 06 1A 1A 1E 16 1E 06 0A 26 24 24 0E 10 00
00 24 10 0A 1E 10 28 08 06 00 20 2E 2A 06 20 00
00 0A 06 14 06 24 24 10 0A 06 08 0A 04 24 30 00
00 16 10 00 0A 14 14 0E 06 0A 10 14 0C 20 20 00
00 10 14 0A 0A 10 10 1A 06 0A 14 06 0C 2E 10 00
00 10 0E 0A 06 1A 16 20 10 10 10 10 2A 30 1A 00
00 1A 14 06 00 10 24 1A 06 0A 10 16 1E 28 0A 00
00 00 00 00 00 00 00 00 00 00 00 00 00 00 00 00
