00 00 00 00 00 00 00 00 00 00 00 00 00 00 00 00
00 10 20 0A 30 34 2A 2A 10 2A 06 10 1A 0E 24 00
00 04 14 24 2A 16 10 3E 2A 24 1A 10 1A 1A 2A 00
00 0E 24 1A 12 1A 0A 26 44 14 18 0A 14 24 44 00
00 51 26 0C 24 20 06 16 26 2E 06 1E 16 24 1C 00
00 92 41 1A 26 20 16 16 1A 1C 1E 38 2A 16 24 00
00 56 82 2E 2A 14 1A 10 1A 34 49 14 40 10 0E 00
00 20 7C 74 3C 20 20 06 10 20 6E 34 28 24 10 00
00 1C 2E 71 56 2A 06 00 10 14 36 48 1C 20 06 00
00 4E 3C 1E 5E 36 10 06 10 16 30 2C 10 30 1A 00
00 76 3E 48 41 46 10 16 20 20 24 20 00 20 06 00
00 50 0E 51 10 68 1A 20 1E 0A 04 20 1A 36 20 00
00 28 24 26 36 4C 3E 26 26 10 0E 16 10 2A 10 00
00 28 14 2A 49 3C 40 1C 38 10 1E 1A 04 24 04 00
00 1C 20 34 34 10 54 44 24 28 16 1A 0A 2E 0A 00
00 00 00 00 00 00 00 00 00 00 00 00 00 00 00 00
