00 00 00 00 00 00 00 00 00 00 00 00 00 00 00 00
00 16 18 16 24 10 0E 0E 06 10 10 10 06 14 16 00
00 38 20 24 16 0A 06 10 14 10 10 14 16 24 1E 00
00 0C 24 0C 24 0C 0A 1C 14 10 1A 14 1A 0C 14 00
00 24 14 0E 0E 10 1A 1E 0A 1A 06 1A 2A 2A 0C 00
00 1A 1A 14 10 14 14 14 24 16 06 1A 1A 20 10 00
00 10 24 04 1E 04 1E 0E 28 1C 14 06 0A 1A 14 00
00 0C 20 10 1A 06 1A 1E 1A 38 0A 06 0A 06 0A 00
00 1A 20 18 14 04 14 16 24 1C 06 10 10 10 0A 00
00 06 2E 06 14 0A 06 06 10 10 1E 04 1E 0C 0A 00
00 06 20 04 0A 04 16 1E 10 10 1A 2E 06 14 06 00
00 1A 24 06 0A 1E 24 14 0A 10 0A 16 0A 10 10 00
00 24 06 10 20 2A 06 10 06 06 0A 14 16 14 16 00
00 1A 1A 14 10 10 0A 0A 00 00 0A 06 2E 06 06 00
00 10 0A 0E 0C 10 06 0C 10 10 16 1A 1A 24 0C 00
00 00 00 00 00 00 00 00 00 00 00 00 00 00 00 00
