00 00 00 00 00 00 00 00 00 00 00 00 00 00 00 00
00 14 0A 14 06 20 10 0A 41 20 1E 14 14 16 06 00
00 2A 1A 0C 14 16 0C 28 20 2E 20 0C 16 1E 0E 00
00 0E 14 04 16 2C 44 24 18 10 34 3C 14 04 04 00
00 0A 0A 0A 2A 38 20 1A 2A 10 02 26 34 14 2E 00
00 06 0E 0A 1C 1C 24 16 16 10 0E 20 1C 1A 26 00
00 0E 0A 1A 20 10 10 10 10 1A 0A 2A 2A 1A 2E 00
00 06 0A 10 16 0A 10 10 06 24 26 3E 30 10 26 00
00 14 06 20 20 16 2A 20 14 0C 20 40 26 0C 24 00
00 10 34 28 0E 10 10 12 18 16 18 1E 10 16 2A 00
00 28 2A 0E 14 20 20 2E 1E 1A 12 1C 14 0A 24 00
00 16 20 18 06 1C 24 20 20 38 10 28 10 1E 20 00
00 1E 0C 22 1C 28 14 20 10 16 28 10 06 04 34 00
00 06 2C 1A 54 30 20 2E 22 38 26 20 24 1A 2A 00
00 16 12 32 34 1A 10 1A 1C 14 14 14 0A 28 2A 00
00 00 00 00 00 00 00 00 00 00 00 00 00 00 00 00
