00 00 00 00 00 00 00 00 00 00 00 00 00 00 00 00
00 10 1A 1E 06 24 14 18 00 28 14 1A 16 24 10 00
00 10 16 20 20 1A 1A 24 28 18 0C 06 0A 10 1E 00
00 10 1A 14 0A 10 0A 06 1A 1E 1A 10 14 1A 02 00
00 24 24 1E 0A 0A 06 14 10 0A 24 1A 08 1A 0A 00
00 0C 34 26 16 10 06 06 06 0A 10 2A 14 24 0A 00
00 10 10 10 10 06 14 1A 10 04 10 14 24 1A 14 00
00 00 10 10 1A 10 14 0A 1A 1E 1E 10 1A 24 2A 00
00 2A 24 16 00 0A 1E 2A 16 30 14 14 14 24 06 00
00 14 14 1E 10 1E 14 10 1A 2A 0A 1A 14 0A 0A 00
00 1E 20 14 0A 10 10 10 1E 00 18 0E 10 00 0A 00
00 0A 10 14 0E 0A 0A 1A 10 18 14 10 1A 06 06 00
00 1A 10 0A 10 1A 12 0C 3C 20 12 10 20 1A 06 00
00 20 20 1E 04 28 2A 4C 1A 1E 24 10 20 1A 0C 00
00 1A 1A 0A 10 1A 38 1A 38 20 20 00 10 10 10 00
00 00 00 00 00 00 00 00 00 00 00 00 00 00 00 00
