00 00 00 00 00 00 00 00 00 00 00 00 00 00 00 00
00 10 06 1A 06 1A 06 16 2E 2A 10 00 00 00 00 00
00 1A 10 10 28 24 10 1A 1E 1A 0E 06 00 06 0A 00
00 1A 16 0E 1E 1E 1A 14 14 24 0C 14 1A 1A 10 00
00 2A 1A 00 20 1E 0C 1A 1E 0A 1A 14 10 14 10 00
00 24 10 10 10 20 16 1A 0A 0E 14 1A 24 16 14 00
00 10 2A 20 1A 1A 1A 0A 14 0E 0A 14 16 0C 1E 00
00 0A 16 10 00 10 0C 14 10 06 04 10 24 2E 0A 00
00 06 24 10 10 1A 20 1A 0C 14 1E 1A 16 0C 2E 00
00 0A 16 10 10 10 1A 10 04 12 1E 24 1A 1A 1A 00
00 1A 20 20 10 06 06 28 26 2E 24 0A 10 14 0A 00
00 04 16 1A 06 14 0E 0A 18 0E 10 10 14 14 2A 00
00 24 2E 10 0A 14 10 24 1A 2A 24 20 1A 20 38 00
00 0E 0A 2A 34 20 18 00 0E 14 14 10 14 10 16 00
00 2A 1E 18 06 32 14 24 16 14 14 10 14 10 10 00
00 00 00 00 00 00 00 00 00 00 00 00 00 00 00 00
