00 00 00 00 00 00 00 00 00 00 00 00 00 00 00 00
00 00 18 06 0E 14 0A 14 1A 2E 0C 1E 10 18 1C 00
00 24 10 28 10 0C 10 24 24 0C 2E 12 10 0E 1E 00
00 20 14 0C 0A 14 10 0A 1A 10 16 10 24 14 06 00
00 24 0A 2E 24 0C 06 06 04 18 0A 1A 14 0A 10 00
00 14 24 10 14 0A 10 14 0E 14 1E 0A 0A 14 1A 00
00 1C 14 0E 06 1E 06 1E 0A 14 06 10 16 0E 1A 00
00 10 06 1A 20 10 2C 0A 1E 00 0A 06 1A 16 2A 00
00 14 04 14 1A 2E 0C 28 10 1A 10 1A 10 14 10 00
00 06 1A 24 16 14 18 04 0A 1A 18 14 20 1A 06 00
00 1E 16 06 0A 0A 00 0A 0A 14 1E 14 06 14 0A 00
00 10 06 00 00 06 0A 06 0C 04 1A 0A 1A 10 0A 00
00 00 06 0A 06 00 00 00 14 0E 18 04 16 24 0C 00
00 06 0E 04 0E 06 06 10 1A 28 08 14 1E 10 14 00
00 06 0E 14 10 14 0A 0A 06 14 14 16 0C 10 12 00
00 00 00 00 00 00 00 00 00 00 00 00 00 00 00 00
