00 00 00 00 00 00 00 00 00 00 00 00 00 00 00 00
00 10 0A 10 00 06 0A 14 0C 0A 0A 06 0A 0A 0E 00
00 1A 10 14 06 0A 10 14 06 00 00 00 06 10 10 00
00 06 1E 06 0A 0A 14 0A 0A 00 00 00 00 00 00 00
00 10 06 14 0C 10 00 10 06 00 00 00 06 0A 06 00
00 04 14 04 10 1A 1A 14 06 00 00 00 0A 10 14 00
00 14 1A 10 1A 10 16 14 10 00 00 00 0A 0E 0E 00
00 10 1A 10 16 16 24 10 14 06 0A 06 06 14 10 00
00 10 1E 10 14 0E 0A 22 06 00 00 0A 00 06 0A 00
00 0A 1A 1A 10 14 1E 04 14 0C 14 06 0A 06 00 00
00 14 14 10 18 0A 14 0E 06 0A 0A 0E 0A 04 0A 00
00 06 1A 1A 0A 1A 0A 0A 0A 14 10 18 10 14 06 00
00 0A 00 1A 0A 10 0A 0A 0A 06 18 10 1E 0C 0A 00
00 06 14 0A 06 06 00 00 06 06 08 14 0A 06 0A 00
00 0A 0A 00 0A 0A 0A 06 10 14 0A 1A 16 1A 10 00
00 00 00 00 00 00 00 00 00 00 00 00 00 00 00 00
