00 00 00 00 00 00 00 00 00 00 00 00 00 00 00 00
00 06 16 96 93 88 41 04 2A 50 0C 1C 24 32 6C 00
00 32 24 58 3C 28 22 4C 34 5C 48 48 2C 6C 68 00
00 2C 40 51 69 60 46 50 74 90 64 40 60 41 12 00
00 5E 28 2A 1A A2 06 8C 3E 4C 3E 26 51 5E 12 00
00 82 46 41 4C 7C 34 26 5E 79 38 22 38 48 6E 00
00 2C 68 41 5E 64 22 2E 69 41 40 26 49 16 76 00
00 49 10 60 5C 24 26 51 71 26 3E 44 60 34 9C 00
00 12 51 88 78 70 2E 59 30 51 20 48 24 76 70 00
00 38 54 59 60 58 51 68 44 40 1E 28 61 8A 5C 00
00 51 48 79 40 3A 48 56 40 08 54 51 3E 46 36 00
00 90 40 7E 7E 6C 56 2E 2A 3C 66 76 82 51 69 00
00 76 08 69 8E 50 18 18 24 41 69 1A 80 98 86 00
00 14 4C A8 80 38 1C 10 5C B2 79 3C 92 69 B3 00
00 4E 83 8C 22 36 30 5C C6 C2 9C A2 69 1A 9C 00
00 00 00 00 00 00 00 00 00 00 00 00 00 00 00 00
