00 00 00 00 00 00 00 00 00 00 00 00 00 00 00 00
00 20 28 14 10 16 0A 0A 20 1C 24 20 0A 06 20 00
00 2A 12 10 14 16 1A 1A 20 30 24 14 06 06 1E 00
00 3E 24 00 10 16 20 16 20 2A 06 06 10 14 12 00
00 16 2A 2A 20 16 1A 14 16 20 06 14 10 06 20 00
00 28 10 16 2A 24 06 10 16 24 24 10 06 0A 2A 00
00 0A 1E 2A 30 0A 14 16 20 16 20 1A 0A 0A 20 00
00 2A 1E 14 14 0A 0A 24 20 20 24 14 0C 12 44 00
00 26 26 0A 10 10 1A 2C 2A 1A 06 10 04 1E 41 00
00 2A 34 0A 0A 24 06 2A 20 0C 00 0A 20 24 16 00
00 3A 26 06 0E 1C 24 1E 1E 1E 0C 20 30 20 30 00
00 2A 16 0A 0A 1E 1A 08 24 2A 06 24 26 20 24 00
00 26 10 06 1A 0C 10 14 0A 2E 1E 10 24 16 0C 00
00 20 10 14 16 14 24 06 0A 24 24 16 1C 24 10 00
00 10 1A 26 26 20 24 04 20 34 0C 1A 24 06 0A 00
00 00 00 00 00 00 00 00 00 00 00 00 00 00 00 00
