00 00 00 00 00 00 00 00 00 00 00 00 00 00 00 00
00 1A 10 06 00 06 10 14 0A 14 0A 24 06 18 12 00
00 1A 1A 10 0A 06 0A 08 14 0A 0A 0C 14 0C 0A 00
00 1A 0A 10 06 24 1A 0A 1A 16 16 10 06 00 06 00
00 1A 14 16 2E 1A 14 14 06 0A 10 14 14 06 00 00
00 0C 10 14 30 14 26 1A 0C 10 20 1A 10 0A 00 00
00 08 1A 1E 2A 14 30 1A 34 0A 16 10 06 06 00 00
00 1A 20 16 2A 04 2A 0A 3E 2A 0E 04 0A 0A 00 00
00 1A 16 10 20 14 20 38 0A 3C 16 1A 1A 1A 10 00
00 10 10 10 10 24 10 16 2E 16 1E 10 14 14 16 00
00 06 10 1A 10 24 26 10 16 14 0C 06 1A 06 24 00
00 14 0C 1A 20 14 2E 10 14 10 0A 0A 16 2E 20 00
00 06 10 1A 10 10 16 0A 10 10 06 12 18 26 0E 00
00 0A 10 16 10 10 1A 06 16 1A 20 2E 1E 2A 1E 00
00 00 06 1A 14 1E 14 20 2E 0C 10 12 22 20 04 00
00 00 00 00 00 00 00 00 00 00 00 00 00 00 00 00
