00 00 00 00 00 00 00 00 00 00 00 00 00 00 00 00
00 20 20 18 16 06 24 20 10 08 0A 20 24 14 1A 00
00 10 10 28 26 1E 1C 14 10 0E 0A 10 34 30 10 00
00 06 0A 10 1A 10 10 06 24 0A 1A 24 1A 24 10 00
00 1A 14 10 06 00 06 0A 10 1A 0E 0C 04 1A 0A 00
00 06 06 1A 10 00 00 00 06 2E 12 24 1E 16 0A 00
00 14 06 1A 10 00 06 10 1A 26 2E 16 0C 1A 06 00
00 0A 10 14 0C 10 1A 1A 10 16 20 10 1E 10 0A 00
00 18 14 06 1E 0A 24 14 0A 0A 2E 1A 0E 0E 0C 00
00 0E 0E 1E 12 10 2A 0A 10 14 20 30 0A 0A 14 00
00 06 16 1A 0A 10 1A 1A 0A 10 2E 1A 14 0C 24 00
00 06 1E 14 1A 2A 16 16 0A 18 14 18 16 24 1A 00
00 1A 04 28 16 1A 06 1A 10 12 24 06 0A 0C 0A 00
00 24 14 16 14 0A 14 06 14 10 10 14 10 24 16 00
00 0A 12 14 14 0A 10 0A 06 10 1A 0A 0A 06 28 00
00 00 00 00 00 00 00 00 00 00 00 00 00 00 00 00
