00 00 00 00 00 00 00 00 00 00 00 00 00 00 00 00
00 22 2A 2A 2A 16 24 20 16 0A 06 20 16 10 10 00
00 40 26 30 40 26 26 3A 26 10 10 14 0E 24 1A 00
00 59 36 30 49 44 2C 26 24 06 24 1A 14 14 2E 00
00 3C 2E 1C 26 3A 44 44 46 26 16 10 0A 1A 0A 00
00 2E 24 26 10 20 22 1C 3E 34 34 26 16 1E 14 00
00 30 26 30 1A 10 32 3C 1C 1C 30 4E 22 10 22 00
00 44 36 44 16 0E 3E 46 26 1A 04 34 34 06 0C 00
00 30 3A 46 48 1A 18 48 26 20 0A 20 2C 28 1C 00
00 26 30 36 36 2E 0E 2A 3A 26 0A 1C 2A 10 0C 00
00 2A 26 34 26 24 14 26 40 3A 2A 22 1A 1A 10 00
00 30 30 40 49 1C 08 24 20 16 24 34 16 0A 0E 00
00 26 2A 49 69 54 30 24 1A 10 0A 2A 3E 16 04 00
00 26 16 22 40 54 50 30 20 2A 10 0C 26 24 0E 00
00 24 24 24 10 3A 50 3A 26 26 24 2A 26 30 0A 00
00 00 00 00 00 00 00 00 00 00 00 00 00 00 00 00
