00 00 00 00 00 00 00 00 00 00 00 00 00 00 00 00
00 0A 14 20 1E 10 0C 1A 0E 06 10 1A 06 0A 1A 00
00 12 04 1A 0A 20 1A 2A 24 20 20 2A 16 06 10 00
00 0A 00 1A 14 0A 10 10 0A 1A 2E 16 24 16 24 00
00 06 10 0A 1E 16 0A 0C 1E 1A 12 1A 16 10 06 00
00 06 1A 1A 0A 14 06 14 14 10 0A 00 00 10 14 00
00 1A 16 06 1E 10 14 10 1A 10 12 1A 16 10 16 00
00 0A 24 1A 14 0A 04 1A 10 0E 14 0A 0A 06 1A 00
00 28 0A 16 20 10 0E 14 16 18 0A 1A 06 14 10 00
00 1C 14 06 1E 00 1A 1A 12 1A 30 24 20 10 16 00
00 2E 06 24 10 0E 02 28 26 1A 16 10 16 14 16 00
00 1A 1E 16 06 10 10 0E 10 0A 06 24 06 00 10 00
00 12 14 16 10 14 0C 14 10 0C 1A 1A 10 0A 10 00
00 14 0A 20 10 06 14 0A 06 0A 10 06 1A 14 1A 00
00 0E 14 20 10 0A 10 06 1A 10 0A 14 06 0E 1E 00
00 00 00 00 00 00 00 00 00 00 00 00 00 00 00 00
