00 00 00 00 00 00 00 00 00 00 00 00 00 00 00 00
00 04 0A 06 06 0A 06 00 0A 0A 14 1E 28 20 0E 00
00 06 14 0A 06 0A 06 00 06 0A 0E 10 0E 2A 10 00
00 0A 10 14 06 00 0A 00 06 10 10 06 06 10 0A 00
00 14 0A 0A 10 10 10 06 10 1A 10 1A 1A 0A 1A 00
00 1A 10 0A 0C 14 10 1A 14 14 06 10 10 1A 14 00
00 0A 06 00 0A 10 20 20 1A 0A 0A 10 10 16 0A 00
00 06 0A 0A 00 1A 24 06 1A 14 0A 1A 0A 10 06 00
00 14 10 0A 0A 06 16 1E 0A 1E 0E 16 06 10 14 00
00 06 10 10 06 0A 06 14 2E 10 1A 1A 10 06 0A 00
00 14 06 0A 00 06 10 16 2C 34 1C 1A 16 10 10 00
00 06 0A 06 06 0A 0A 0A 20 1A 06 0A 14 10 0A 00
00 06 00 00 0A 06 14 20 3E 16 24 04 10 2A 16 00
00 0A 00 00 06 24 16 1A 10 1A 2A 06 14 10 0C 00
00 06 00 00 0A 10 00 06 1A 26 24 0C 1A 1A 1A 00
00 00 00 00 00 00 00 00 00 00 00 00 00 00 00 00
