00 00 00 00 00 00 00 00 00 00 00 00 00 00 00 00
00 16 14 14 10 06 00 06 10 10 1A 16 24 20 10 00
00 0A 2E 16 0A 06 0A 0A 06 06 0A 0E 10 20 16 00
00 24 10 2E 06 0A 0A 0A 0A 0A 10 0A 24 1A 24 00
00 20 1E 10 14 20 1A 06 06 0A 20 24 40 20 2A 00
00 06 06 04 0E 0A 0A 10 14 00 24 14 24 1A 0A 00
00 04 1A 14 14 1A 1A 1A 06 0A 10 14 18 1A 1A 00
00 00 1A 10 10 14 0C 10 10 0A 10 18 1A 18 16 00
00 0A 10 1A 10 00 14 06 14 00 1A 0A 28 0E 06 00
00 10 10 10 06 1A 0A 18 0A 1A 16 1A 10 1A 24 00
00 1A 0A 00 14 1A 1E 0C 0A 1A 1A 14 0A 0A 06 00
00 14 12 06 14 24 24 0C 28 16 14 0E 0A 00 00 00
00 18 22 14 06 1A 10 06 16 24 20 16 14 10 10 00
00 2A 2A 0E 20 24 10 1A 10 06 06 14 0E 06 10 00
00 14 10 1A 20 24 06 10 0A 06 16 2A 26 0A 10 00
00 00 00 00 00 00 00 00 00 00 00 00 00 00 00 00
