00 00 00 00 00 00 00 00 00 00 00 00 00 00 00 00
00 1E 06 24 08 0E 10 1A 10 0A 04 0C 2A 04 1C 00
00 08 0E 14 06 06 00 06 10 16 28 12 1A 24 1A 00
00 10 0C 16 10 04 14 0C 0A 14 1A 14 10 26 1A 00
00 16 1E 1A 0A 22 06 18 14 14 10 04 14 10 1E 00
00 2A 22 26 14 0A 1E 10 16 0E 06 16 10 0C 16 00
00 06 32 1A 06 1A 06 14 1E 0A 14 14 00 1A 14 00
00 24 16 08 06 1A 1A 06 0C 10 10 30 30 10 10 00
00 20 1A 1A 0A 0A 14 10 24 30 32 12 28 18 1A 00
00 1A 20 30 1A 10 06 1A 30 24 14 2E 2C 0A 34 00
00 1A 14 1A 24 04 06 10 1A 0A 1E 10 20 14 2A 00
00 10 1A 0A 24 10 10 14 1A 0A 10 10 20 14 24 00
00 1A 1A 0A 1A 14 20 0A 0A 10 10 04 14 20 06 00
00 1E 12 18 0A 08 14 0E 04 1E 0A 0E 0A 1A 0A 00
00 2E 1A 10 1E 24 0E 14 14 0A 1E 14 24 1C 10 00
00 00 00 00 00 00 00 00 00 00 00 00 00 00 00 00
