00 00 00 00 00 00 00 00 00 00 00 00 00 00 00 00
00 58 34 83 70 40 1E 4E A3 71 44 34 50 C2 9E 00
00 12 36 82 2A 36 22 2C 61 C2 76 40 38 50 34 00
00 26 46 38 10 54 54 12 F3 E2 5C 02 2C 60 6C 00
00 16 34 86 64 30 7E 5E D0 60 2A 24 26 1E 3E 00
00 5E 18 3E 76 61 1A 38 5C 5E 0E 20 22 38 B2 00
00 4E 6C 60 76 4C 41 4C 88 46 1C 18 38 80 8A 00
00 79 1A 2A 58 76 88 66 14 28 3E 0E 78 71 59 00
00 0A 1A 60 6C 96 3A 38 32 6E 58 32 82 61 51 00
00 4C D0 8E 60 49 48 64 49 86 0E 2C 69 40 2A 00
00 9A AC 58 5C 0E 54 1E 5C 70 41 50 34 58 3A 00
00 10 50 34 61 54 41 50 82 4C 48 3A 14 30 3E 00
00 8A 8C 8C 49 61 34 86 3A 22 56 4C 18 20 3C 00
00 0C 48 4E 48 22 26 4E 26 41 79 74 32 61 0A 00
00 7E 68 22 48 26 3C 68 2E 20 78 74 50 56 6C 00
00 00 00 00 00 00 00 00 00 00 00 00 00 00 00 00
