00 00 00 00 00 00 00 00 00 00 00 00 00 00 00 00
00 20 10 06 10 1A 16 10 14 0A 0C 18 10 08 0A 00
00 10 00 00 0A 1A 10 1A 0E 10 10 14 14 18 06 00
00 10 00 00 06 1A 1A 1E 10 1E 12 10 20 10 18 00
00 06 00 00 06 0E 06 12 1A 14 1E 06 10 0A 06 00
00 10 10 06 14 0A 0A 0E 0C 1A 0A 0A 06 0A 06 00
00 14 10 0A 0C 1A 06 0C 0C 1E 1A 04 10 10 0A 00
00 2A 1A 00 10 1A 06 14 14 18 1A 0A 1A 14 10 00
00 28 16 06 1A 14 0E 10 0E 1A 14 14 1E 1A 14 00
00 04 0A 06 10 14 14 00 06 10 1E 24 14 0A 14 00
00 24 20 0C 06 0A 10 10 10 14 10 14 1A 10 26 00
00 06 14 1A 14 06 10 14 0C 10 16 1E 06 00 1A 00
00 1E 00 2A 10 1A 0E 0E 16 14 16 06 14 06 0C 00
00 04 1A 1A 24 06 14 10 10 00 20 0A 0C 14 0A 00
00 14 10 0E 1A 0A 06 00 06 14 20 00 24 16 14 00
00 00 00 00 00 00 00 00 00 00 00 00 00 00 00 00
