00 00 00 00 00 00 00 00 00 00 00 00 00 00 00 00
00 10 06 10 2A 10 10 2E 08 38 20 3E 06 0E 14 00
00 16 20 24 20 06 1E 24 24 24 1E 20 24 20 2A 00
00 14 10 0E 10 24 10 08 1E 1A 16 0A 1E 12 10 00
00 1E 30 16 1A 20 0A 10 0A 0E 28 10 0A 24 10 00
00 04 1A 0A 16 3E 16 16 20 28 10 1E 10 16 24 00
00 10 12 20 32 10 18 14 14 0A 1E 06 1A 1E 0C 00
00 14 22 20 08 1E 14 0A 0E 06 0C 0A 0A 24 2E 00
00 0E 08 2E 24 10 16 14 0A 0A 1E 16 0E 10 16 00
00 1A 1A 0E 16 1A 2A 12 1A 24 18 20 24 20 20 00
00 14 32 0A 14 10 2E 16 14 1E 1A 2E 1A 1A 1A 00
00 22 0A 32 16 2A 14 32 06 08 1A 0C 16 1A 00 00
00 1E 28 0A 10 16 04 12 28 16 1E 20 0E 0A 1A 00
00 1A 1A 2A 2A 0E 1E 16 10 00 24 24 2E 10 24 00
00 16 16 1A 16 22 0A 0E 04 08 24 26 2A 18 18 00
00 00 00 00 00 00 00 00 00 00 00 00 00 00 00 00
