00 00 00 00 00 00 00 00 00 00 00 00 00 00 00 00
00 1E 24 18 24 0A 22 18 24 2E 14 1E 26 1A 0A 00
00 2E 26 14 20 26 1A 14 14 10 12 18 2A 1A 1E 00
00 14 2E 24 10 14 10 14 0C 24 0C 06 20 24 1A 00
00 14 10 1C 1A 10 10 06 0A 0A 14 10 1A 1A 12 00
00 1A 06 1A 1A 10 10 06 04 1E 10 06 24 14 0E 00
00 20 10 16 10 06 1A 10 0A 10 0A 1A 10 1E 14 00
00 10 10 1A 1A 10 1A 10 06 16 10 26 06 0A 1A 00
00 0A 10 0A 0A 10 10 06 16 34 16 2A 0A 10 1A 00
00 0C 10 10 1A 10 10 06 1A 20 34 34 0E 0A 00 00
00 06 10 10 16 10 10 0A 16 16 1A 20 1A 0A 06 00
00 10 10 00 10 1A 1A 06 10 1A 14 24 1A 16 24 00
00 14 2A 20 1A 0A 10 1A 1A 10 10 16 16 10 16 00
00 24 0A 1A 14 14 1A 10 0A 10 10 14 10 10 10 00
00 1A 1E 10 10 10 06 24 1A 0C 14 10 1A 20 10 00
00 00 00 00 00 00 00 00 00 00 00 00 00 00 00 00
