00 00 00 00 00 00 00 00 00 00 00 00 00 00 00 00
00 12 24 48 2A 2E 14 34 44 0E 1C 44 30 26 2A 00
00 26 40 50 49 26 2C 48 24 10 34 40 1A 16 26 00
00 34 3A 3A 32 2A 2E 22 26 30 2E 24 0C 16 34 00
00 20 16 20 2E 24 12 24 2A 2A 12 26 2A 34 36 00
00 2A 20 30 2E 1E 34 24 1A 26 28 34 2C 2A 20 00
00 2C 3A 4E 1C 0A 44 20 20 2C 2A 3A 2A 1A 06 00
00 3E 30 26 14 10 36 2A 34 40 2E 1C 30 20 0A 00
00 2C 20 1A 16 2A 44 2C 36 3A 06 06 20 2E 10 00
00 3A 30 26 36 49 3A 26 49 40 16 24 26 26 20 00
00 2C 1A 10 30 34 12 26 3E 24 10 16 20 2A 1A 00
00 3E 1C 1A 2E 20 2E 30 22 34 20 10 20 26 10 00
00 36 1A 1A 2C 1C 2A 30 20 24 24 16 1A 20 16 00
00 3A 22 24 32 2E 20 2C 36 30 20 20 20 20 14 00
00 2C 34 20 26 2A 20 34 34 26 26 2A 20 14 1A 00
00 00 00 00 00 00 00 00 00 00 00 00 00 00 00 00
