00 00 00 00 00 00 00 00 00 00 00 00 00 00 00 00
00 14 06 1A 1A 0A 14 14 2E 16 10 06 06 0A 10 00
00 08 18 00 1A 14 0A 14 1C 10 10 10 1A 06 14 00
00 1E 0A 14 20 1A 10 0A 14 04 1E 14 10 10 16 00
00 0A 0E 0C 34 20 10 0A 1A 0C 24 0E 10 10 10 00
00 0A 10 1A 16 2E 1A 12 10 1E 16 1A 06 1A 10 00
00 04 00 10 06 02 0A 28 10 1A 06 10 06 1A 06 00
00 0A 0A 10 16 2E 24 0C 24 10 1A 1A 10 10 0A 00
00 0A 0A 0C 2E 22 24 20 10 10 0A 10 1A 06 00 00
00 0E 06 10 1A 1E 14 24 0A 10 1A 1A 06 06 0A 00
00 1A 06 1A 0A 1A 2A 20 06 10 1A 04 14 0A 00 00
00 10 14 16 14 0A 1A 10 06 10 16 14 10 0A 00 00
00 0A 10 2A 14 18 06 06 0A 16 2E 06 14 06 00 00
00 0A 06 16 1A 0E 10 1A 10 1A 16 0A 10 04 10 00
00 0A 06 1E 24 0E 06 10 06 0A 14 14 18 06 1A 00
00 00 00 00 00 00 00 00 00 00 00 00 00 00 00 00
