00 00 00 00 00 00 00 00 00 00 00 00 00 00 00 00
00 00 16 10 10 10 14 14 28 1A 24 14 16 00 0A 00
00 06 24 20 14 14 0A 1E 0E 1A 1E 1E 1A 06 04 00
00 1E 10 14 14 06 10 10 2A 16 18 14 0A 0E 14 00
00 0E 0A 04 06 0A 06 0A 10 1A 14 0E 0E 0A 0E 00
00 14 14 0A 0A 06 0A 0C 06 1A 0A 00 10 14 1A 00
00 10 10 10 00 14 00 1A 0A 14 0A 04 14 06 1E 00
00 00 00 06 0A 10 10 10 14 10 10 14 06 1E 06 00
00 06 00 06 1A 10 1A 00 0A 0A 10 06 24 10 0A 00
00 0A 00 0A 10 0A 10 0A 06 0A 0C 00 16 14 10 00
00 06 06 10 00 16 1A 06 0A 00 1A 0A 0C 0A 0A 00
00 0C 1E 04 14 0E 0A 0A 06 00 16 0A 0E 14 0C 00
00 1E 06 32 10 1E 1A 10 0A 00 10 14 16 14 06 00
00 08 28 06 2E 1A 14 0A 10 06 06 06 08 1E 10 00
00 10 10 14 10 0E 16 0E 14 0A 10 0A 14 0A 14 00
00 00 00 00 00 00 00 00 00 00 00 00 00 00 00 00
