00 00 00 00 00 00 00 00 00 00 00 00 00 00 00 00
00 32 22 14 32 18 5E 0E 3E 61 32 61 74 0E 16 00
00 51 18 1A 1A 1E 44 40 41 2E 1A 14 71 60 1A 00
00 5E 2A 20 1C 2A 4E 59 20 18 38 26 12 61 46 00
00 80 30 26 28 4C 60 56 14 22 2A 54 41 61 70 00
00 51 1A 1C 2E 3E 40 28 20 26 20 1A 2A 51 40 00
00 69 2E 2C 36 20 2A 26 28 1E 08 0A 28 78 56 00
00 40 16 41 4C 14 20 20 14 32 16 1C 46 6C 04 00
00 22 24 3E 36 2C 48 59 59 83 28 2A 3E 44 44 00
00 0A 26 4E 2C 0A 30 6E 34 58 64 2C 30 6C 24 00
00 16 1E 54 71 36 3E 28 4E 7E 49 32 58 48 4E 00
00 0A 36 86 48 69 22 48 78 50 0C 3E 46 26 64 00
00 20 10 66 38 60 3E 26 20 26 56 64 59 1C 50 00
00 32 14 3C 3A 22 54 49 61 60 58 A0 60 71 40 00
00 38 16 2A 79 61 36 1C 1E 26 06 82 7E 93 68 00
00 00 00 00 00 00 00 00 00 00 00 00 00 00 00 00
