00 00 00 00 00 00 00 00 00 00 00 00 00 00 00 00
00 14 0E 1A 10 10 2C 20 26 32 30 30 2A 0A 16 00
00 10 24 14 0E 2E 1E 0A 14 18 0A 26 34 06 0E 00
00 24 0A 24 2A 2A 06 22 1A 14 06 2A 30 06 10 00
00 1E 24 16 20 44 30 10 32 18 1E 10 51 49 3C 00
00 32 10 2E 10 20 34 1E 10 2E 16 28 12 1E 34 00
00 10 1E 20 34 2E 0A 24 2A 40 3E 20 1E 1E 22 00
00 28 16 0E 24 2E 2A 16 10 10 28 40 16 1A 2E 00
00 2A 1A 0A 24 10 26 2E 30 36 3A 59 24 0A 16 00
00 1A 0A 18 1E 10 12 22 24 04 3C 22 0A 18 20 00
00 1A 28 1C 1E 2A 1A 1E 18 22 1A 20 1A 10 16 00
00 1A 24 2E 20 20 12 0A 26 2A 14 10 10 1A 0A 00
00 30 1A 10 2E 06 0E 1A 14 10 14 2A 2E 10 04 00
00 30 34 3E 20 10 12 14 08 14 18 24 04 0E 14 00
00 26 34 1A 06 0A 18 0A 12 14 1C 30 10 0A 20 00
00 00 00 00 00 00 00 00 00 00 00 00 00 00 00 00
