00 00 00 00 00 00 00 00 00 00 00 00 00 00 00 00
00 24 1A 0A 10 12 16 14 10 06 10 14 0A 14 10 00
00 24 14 08 0E 0E 0A 04 10 1A 10 0A 14 0A 24 00
00 06 22 08 14 18 14 1A 0A 06 0A 06 0C 1E 1A 00
00 20 0C 0E 14 1A 10 1A 20 16 0A 06 00 06 0E 00
00 1E 0C 1A 0E 00 1E 0A 14 2A 24 20 10 10 24 00
00 1A 14 18 0A 14 10 0A 10 16 24 10 00 24 24 00
00 0E 20 18 18 16 14 0A 14 0C 24 1A 06 20 1A 00
00 06 06 24 10 10 0A 14 06 00 06 1A 10 1A 04 00
00 14 0A 10 10 06 14 06 06 10 10 0A 0E 06 0E 00
00 0C 14 10 10 0A 00 0A 10 1A 10 0E 08 10 1A 00
00 28 10 14 06 10 14 06 18 1E 2E 10 0A 28 06 00
00 0C 04 1A 20 0A 0A 1E 04 14 08 0E 1E 10 14 00
00 1A 14 0A 14 14 10 06 22 0C 04 06 16 14 10 00
00 0C 0E 20 1E 0E 16 14 10 1E 10 0A 04 14 10 00
00 00 00 00 00 00 00 00 00 00 00 00 00 00 00 00
