00 00 00 00 00 00 00 00 00 00 00 00 00 00 00 00
00 24 22 16 34 1C 22 51 20 14 06 0E 12 2A 1E 00
00 12 22 38 1A 38 30 10 22 24 0E 14 24 1E 2A 00
00 2E 2A 16 24 30 38 04 18 38 2A 24 26 34 38 00
00 06 10 12 26 24 24 24 1A 14 28 1A 0C 10 12 00
00 28 24 06 46 1A 16 3A 1A 10 16 20 04 10 1E 00
00 0A 14 22 0C 28 1A 2A 02 04 2E 20 1E 22 1A 00
00 20 2A 18 26 34 3E 1A 22 10 2A 2A 2E 0A 32 00
00 1A 22 46 24 16 49 2E 26 0C 0C 10 08 14 12 00
00 3A 1C 2A 22 36 3E 0E 10 0A 22 1E 12 00 18 00
00 59 40 40 0C 1A 06 14 0A 14 20 34 10 0E 08 00
00 26 20 48 0C 1A 1A 04 06 0C 20 26 14 0C 1A 00
00 40 2A 2C 2A 12 1E 10 0A 06 2A 2A 1A 1A 20 00
00 1C 0A 1C 30 14 2A 16 06 16 2E 12 3A 32 1C 00
00 30 1A 26 2E 06 1A 24 2E 20 0C 32 1E 38 38 00
00 00 00 00 00 00 00 00 00 00 00 00 00 00 00 00
