00 00 00 00 00 00 00 00 00 00 00 00 00 00 00 00
00 06 00 06 14 10 0E 06 00 06 14 06 0A 06 06 00
00 20 06 14 06 14 10 20 1A 0C 0C 1E 12 0A 06 00
00 1A 00 06 00 04 0A 10 10 1E 1A 00 14 06 0A 00
00 0A 00 10 0A 0A 0A 04 24 06 1A 0A 12 14 06 00
00 0C 0A 0A 0A 10 0A 06 24 1A 20 1A 1A 06 14 00
00 02 14 10 00 06 06 1E 0C 06 1A 2E 10 1A 10 00
00 10 16 24 20 20 10 10 10 06 0E 06 0E 10 0A 00
00 1E 10 04 0A 24 34 20 10 14 0A 1E 0A 04 0E 00
00 10 10 18 10 0E 1C 2E 1A 00 0E 06 04 10 0A 00
00 1A 18 1E 1E 14 14 0C 16 0E 14 10 14 14 04 00
00 10 12 10 0E 20 14 1A 1E 1A 24 0C 24 26 10 00
00 14 24 2A 1A 1A 10 0E 18 24 00 0A 00 24 24 00
00 14 44 22 08 06 24 24 14 0E 1A 16 24 0A 10 00
00 14 1C 32 24 0A 0A 0E 1E 10 06 1E 10 10 24 00
00 00 00 00 00 00 00 00 00 00 00 00 00 00 00 00
