00 00 00 00 00 00 00 00 00 00 00 00 00 00 00 00
00 56 50 49 46 40 41 6E 70 60 60 61 6E 70 60 00
00 40 30 30 3A 40 3C 40 30 34 5E 54 49 79 66 00
00 40 30 3A 36 40 51 40 3C 50 64 3E 69 8E 66 00
00 49 49 40 36 36 4C 68 3A 40 4C 60 88 6C 50 00
00 40 30 44 36 30 3E 50 50 49 54 54 60 56 46 00
00 46 40 3A 3E 2E 3A 56 50 3C 59 56 70 6E 40 00
00 40 34 1C 36 30 26 59 59 49 60 74 74 4C 32 00
00 34 20 26 49 46 5E 70 54 34 60 6C 59 58 49 00
00 26 24 4E 49 3A 41 59 32 3A 69 6E 4C 51 59 00
00 26 40 59 30 2A 49 49 2A 36 66 56 54 7C 56 00
00 26 49 49 22 46 64 40 30 4C 82 5C 7E 6C 4C 00
00 1C 50 46 40 6E 60 3C 46 82 66 51 74 5C 69 00
00 2A 49 40 40 50 30 2C 54 5C 4C 64 69 56 70 00
00 40 44 3A 44 40 26 40 59 60 70 80 76 69 74 00
00 00 00 00 00 00 00 00 00 00 00 00 00 00 00 00
