00 00 00 00 00 00 00 00 00 00 00 00 00 00 00 00
00 20 26 10 1A 1A 26 26 10 2A 16 10 10 14 0A 00
00 16 2A 10 10 06 1A 20 10 2A 20 10 10 20 26 00
00 24 20 1A 10 00 16 34 30 38 14 10 06 06 1A 00
00 30 26 1A 16 0A 10 24 49 30 1E 20 10 10 20 00
00 40 2A 10 16 0A 18 24 30 34 16 1A 24 24 1C 00
00 50 3E 0C 14 20 1A 24 0C 24 2A 0A 18 10 3E 00
00 59 30 24 10 22 0E 28 1A 26 2A 0A 1A 3E 36 00
00 E2 38 20 16 14 24 14 30 4E 2A 16 14 20 3A 00
00 FF 5C 16 2E 20 16 1A 24 44 16 16 10 16 44 00
00 FF 90 2E 10 10 20 06 0E 36 24 10 06 10 2C 00
00 FF F6 3C 10 10 20 06 14 3A 20 0C 0A 0A 1A 00
00 FF FF 5C 06 1A 2A 16 20 30 10 14 10 20 26 00
00 FF FF 9E 24 16 2A 26 24 1C 24 14 1E 16 24 00
00 FF FF FF 22 20 20 24 10 10 2E 30 04 10 14 00
00 00 00 00 00 00 00 00 00 00 00 00 00 00 00 00
