00 00 00 00 00 00 00 00 00 00 00 00 00 00 00 00
00 0A 1A 1E 10 0A 14 10 1A 06 14 10 0C 1A 24 00
00 20 10 06 10 0E 14 1A 06 1E 06 14 0A 16 24 00
00 24 14 14 06 06 0A 1A 0A 12 14 06 10 20 14 00
00 20 0A 14 04 04 04 1E 10 0A 00 10 14 1C 28 00
00 10 14 0A 10 06 16 1A 0E 06 06 1A 0A 0A 06 00
00 10 04 0A 0A 0A 1A 0A 0A 0A 10 10 1A 06 0A 00
00 34 34 16 14 10 06 14 10 06 24 06 10 10 10 00
00 20 1A 0A 0A 0A 0A 06 1A 24 1A 1A 0A 1A 10 00
00 2E 1A 24 10 14 12 0E 14 20 14 24 10 24 10 00
00 1A 14 0A 24 00 14 0E 14 14 28 0A 0A 10 10 00
00 06 10 0A 20 1A 14 0A 20 32 26 14 10 0A 06 00
00 06 10 24 10 06 06 10 0E 0E 0A 08 0A 10 1A 00
00 1A 14 0C 14 10 14 06 14 10 1A 0A 0A 24 7C 00
00 1A 04 10 10 06 06 0A 06 16 3C 4C 74 FF FF 00
00 00 00 00 00 00 00 00 00 00 00 00 00 00 00 00
