00 00 00 00 00 00 00 00 00 00 00 00 00 00 00 00
00 51 2E 16 3A 3E 18 10 0A 14 12 26 30 16 1A 00
00 16 38 08 12 48 10 10 04 10 24 1A 1C 2A 26 00
00 2E 36 20 20 30 1A 1A 0A 18 14 1A 14 16 1A 00
00 1E 0E 10 10 14 1A 10 14 0C 10 16 0C 10 1A 00
00 0C 24 26 14 18 16 12 20 20 14 1C 16 14 0A 00
00 2E 20 51 20 2A 26 18 0A 2E 49 2E 2A 0E 10 00
00 12 2E 16 40 26 26 28 41 20 1E 24 06 18 1A 00
00 1A 1C 12 0E 30 1C 1A 24 1E 20 0A 14 0A 14 00
00 0A 1A 28 1A 1A 0A 22 20 1E 06 18 26 38 0E 00
00 18 10 0E 3C 06 28 04 18 0C 1A 20 4C 38 1E 00
00 14 16 14 0C 32 10 14 08 1A 1A 08 1E 36 10 00
00 1E 16 14 08 10 24 24 14 14 04 04 1E 26 1A 00
00 0C 10 0C 1E 24 24 0A 12 04 14 14 32 12 08 00
00 10 20 34 26 1E 0C 16 1C 18 0C 18 16 24 14 00
00 00 00 00 00 00 00 00 00 00 00 00 00 00 00 00
