00 00 00 00 00 00 00 00 00 00 00 00 00 00 00 00
00 2A 2C 08 12 0A 14 1E 10 00 14 04 1E 16 20 00
00 16 0C 1E 08 14 1E 10 1E 0A 06 18 0E 10 1A 00
00 10 10 20 0A 14 1C 1A 12 06 0A 06 10 10 06 00
00 10 0A 10 14 10 0A 00 0A 06 0A 06 0A 0A 06 00
00 10 14 16 10 06 06 1A 16 1A 10 0A 06 0E 14 00
00 10 14 10 06 16 24 20 10 16 1A 20 2E 06 10 00
00 20 0A 16 0A 14 06 10 14 20 10 1E 10 14 0C 00
00 1E 0A 1A 06 16 24 1A 10 1A 14 06 10 0C 14 00
00 08 14 0C 00 00 06 0A 04 0A 10 00 0A 10 1A 00
00 0A 0A 10 10 10 06 00 06 0A 0C 14 06 10 16 00
00 0E 10 1E 06 0A 0A 00 0A 00 06 10 1A 0A 24 00
00 04 06 0C 0A 10 16 10 10 06 14 0A 10 0E 1A 00
00 14 1A 24 0A 10 1A 10 10 10 06 04 06 10 1E 00
00 10 06 20 16 14 0C 0A 0A 10 06 0E 0A 10 14 00
00 00 00 00 00 00 00 00 00 00 00 00 00 00 00 00
