00 00 00 00 00 00 00 00 00 00 00 00 00 00 00 00
00 00 10 0A 10 06 0A 06 00 06 0A 06 00 06 0A 00
00 00 06 0A 0A 10 00 0A 00 06 0A 10 0A 06 00 00
00 10 10 10 00 10 0A 06 06 14 06 1A 06 1A 10 00
00 14 10 10 0A 06 00 00 0A 06 14 16 10 14 1A 00
00 1E 20 10 06 00 00 00 06 10 10 16 14 0A 20 00
00 0A 0A 06 0A 0C 1A 16 0A 10 00 10 0A 04 24 00
00 1E 0C 14 06 1A 14 24 0A 10 1A 10 06 14 0C 00
00 0A 14 06 00 16 1A 20 0A 14 10 10 24 0A 14 00
00 0E 14 06 0A 0C 0A 0A 04 10 10 10 16 14 0A 00
00 14 10 0E 0A 0A 10 10 1E 14 06 10 10 10 0A 00
00 0A 0A 18 10 0A 14 0E 10 1A 06 1A 06 0A 06 00
00 06 1A 10 14 0A 06 0E 00 1A 10 0A 1A 10 06 00
00 14 0A 0A 10 06 0A 0A 14 06 1E 1A 10 14 10 00
00 10 1E 0A 00 10 10 14 0A 24 10 16 10 10 10 00
00 00 00 00 00 00 00 00 00 00 00 00 00 00 00 00
