00 00 00 00 00 00 00 00 00 00 00 00 00 00 00 00
00 0E 3C 0C 38 14 1E 1A 1A 18 20 04 2E 28 06 00
00 10 36 0C 26 2E 24 2A 1A 14 12 14 10 2A 3A 00
00 1A 48 3E 08 38 3A 20 26 26 20 0C 1E 10 1E 00
00 10 18 44 61 32 58 24 14 2E 2A 14 0A 28 02 00
00 14 06 2A 40 3A 1C 1C 24 34 28 16 2E 18 1A 00
00 0E 18 24 0A 2E 2E 2A 20 2A 0C 26 18 10 26 00
00 24 26 24 0E 32 32 10 06 0A 20 2C 28 34 34 00
00 04 0A 0E 2C 08 16 1E 10 24 3A 22 2E 10 0E 00
00 14 20 30 3A 22 14 12 0E 20 26 14 38 20 1E 00
00 0C 16 2A 10 22 0A 1E 24 2A 26 0E 0C 1A 18 00
00 1A 30 49 40 26 16 20 24 2A 30 14 10 0E 14 00
00 26 34 26 14 12 0E 1E 34 44 24 0A 1E 1E 1E 00
00 3A 16 34 1A 0E 10 14 2A 38 18 14 10 3E 34 00
00 3A 48 06 32 22 10 0C 14 22 24 20 44 2A 44 00
00 00 00 00 00 00 00 00 00 00 00 00 00 00 00 00
