00 00 00 00 00 00 00 00 00 00 00 00 00 00 00 00
00 49 5E 8E 24 D6 54 3A 2C 4C 34 14 54 54 8C 00
00 74 8A BE 26 C0 4C 34 3E 24 36 16 3A 76 61 00
00 32 64 CA A2 66 88 38 46 54 68 2E 90 A6 12 00
00 58 24 49 7C 36 40 1A 34 1A 44 61 9A 41 5E 00
00 5C 30 7C 5E 0C 16 0C 38 14 4C 79 86 14 49 00
00 3E 4C A8 5C 78 34 58 59 18 59 24 3E 1C 36 00
00 12 60 50 28 41 A3 6E 69 5C 10 68 A8 51 B2 00
00 34 12 54 24 90 61 49 30 2C 51 38 6C 30 B6 00
00 2C 24 54 18 44 46 38 2A 20 49 2C 51 34 83 00
00 34 7C 7E 60 2C 5C 38 16 30 56 30 49 5C 24 00
00 54 AC 69 46 44 48 1A 0A 46 6C 7E 69 64 71 00
00 76 69 40 2A 06 22 0A 41 3E 41 98 5C 2A 83 00
00 48 3E 4C 5C 40 18 3E 3A 12 6E 74 49 69 88 00
00 38 64 59 6E 46 49 49 41 50 34 76 56 61 14 00
00 00 00 00 00 00 00 00 00 00 00 00 00 00 00 00
