00 00 00 00 00 00 00 00 00 00 00 00 00 00 00 00
00 14 2E 40 3A 1A 12 24 2C 20 3C 58 30 2A 30 00
00 1E 10 2A 1C 28 0A 16 2A 20 2E 34 36 26 30 00
00 10 2E 30 1A 06 1A 1C 2A 28 24 22 2A 10 1A 00
00 3C 20 4E 41 20 24 26 2A 26 34 40 26 0C 1E 00
00 4E 28 16 4C 1A 14 2E 36 30 2A 44 2E 24 10 00
00 2A 12 28 1E 20 20 1E 24 22 48 32 1C 26 1A 00
00 2C 44 1C 0A 20 2E 2E 20 1C 2C 3E 38 40 30 00
00 10 2A 38 1E 04 26 46 2E 18 28 26 1E 30 5C 00
00 1A 10 48 20 14 1A 30 20 2C 50 5E 49 28 1C 00
00 0C 16 3A 1E 0C 16 30 20 20 26 2C 4E 1E 26 00
00 2A 14 26 10 14 0C 1A 10 10 3E 20 20 2A 16 00
00 26 0C 48 26 24 16 24 30 24 26 24 26 28 2A 00
00 10 14 22 2E 20 10 18 38 24 2A 26 30 3E 1E 00
00 16 0A 18 18 20 0E 08 3A 22 26 2A 44 48 3A 00
00 00 00 00 00 00 00 00 00 00 00 00 00 00 00 00
