00 00 00 00 00 00 00 00 00 00 00 00 00 00 00 00
00 10 24 06 18 1A 0A 10 06 0E 14 10 1E 10 00 00
00 2E 16 14 10 20 10 10 0A 10 1A 2E 16 04 00 00
00 10 0A 10 14 10 14 06 06 0E 1E 10 2E 24 0C 00
00 0A 0A 06 0E 0E 0C 10 10 0A 10 14 04 1A 24 00
00 14 16 2E 0A 0A 00 0A 14 0A 0A 06 06 0A 1A 00
00 0A 28 20 1A 1A 0C 14 10 0A 00 00 00 00 06 00
00 0E 1E 2E 06 14 10 10 06 06 00 00 00 00 06 00
00 10 10 1A 28 06 0C 14 24 20 06 00 00 00 10 00
00 10 20 1A 0A 1E 20 24 20 24 1A 06 00 0C 24 00
00 0A 0A 04 10 10 1A 14 24 2C 2A 14 06 1E 0A 00
00 0A 10 0A 10 10 10 16 14 24 16 1E 1E 1C 1E 00
00 14 06 10 10 10 10 1A 0C 16 24 30 1A 0E 14 00
00 0A 14 00 14 06 00 06 0A 00 10 18 12 04 04 00
00 16 10 10 10 1A 10 1A 06 00 10 14 16 10 1A 00
00 00 00 00 00 00 00 00 00 00 00 00 00 00 00 00
