00 00 00 00 00 00 00 00 00 00 00 00 00 00 00 00
00 8E 40 69 74 96 32 48 28 16 34 38 6C 38 50 00
00 49 30 60 51 DC 50 A0 3E 51 12 5E 59 70 A0 00
00 2A 56 50 20 DE A6 74 66 2E 2A 8A 93 8C 61 00
00 44 0E 4E 59 A8 AA 26 56 16 1A 9A 5C 18 4C 00
00 82 20 59 48 96 98 3C 69 46 0A 78 A8 83 79 00
00 64 69 4C 1A 82 9C B3 16 51 34 4C 24 18 6C 00
00 78 49 0C 5E 60 93 BA A8 60 3E 2A 2E 48 93 00
00 78 48 54 64 18 6E 48 68 2A 16 36 60 48 A3 00
00 5E 82 90 16 41 66 71 40 06 2A 34 80 46 83 00
00 61 58 AC 79 32 6C 56 24 2E 26 48 A3 60 76 00
00 92 2A AA AE 8A A2 C3 30 10 0E 40 90 58 79 00
00 A8 1A 7E 76 66 79 F3 70 4C 41 64 A8 44 56 00
00 FF 20 8E 88 24 10 9E CC 8A 36 49 83 8E 4C 00
00 FF 5E 58 98 5C 5E 61 8A CA 26 7E 93 83 26 00
00 00 00 00 00 00 00 00 00 00 00 00 00 00 00 00
