00 00 00 00 00 00 00 00 00 00 00 00 00 00 00 00
00 0A 20 28 16 1A 2A 58 16 2A 0A 0A 2A 20 14 00
00 0C 08 04 1E 0A 20 20 24 2C 18 08 10 2E 20 00
00 28 0A 10 1A 0C 34 30 2A 2A 1E 20 2C 16 14 00
00 16 20 10 10 20 2A 1A 14 24 10 2E 0E 20 18 00
00 0E 1E 16 1E 10 0A 08 00 10 1A 1A 18 30 14 00
00 38 0E 10 14 14 10 14 1E 0C 06 20 1C 26 24 00
00 26 2A 24 16 04 06 1E 14 14 0A 14 1E 10 06 00
00 44 2A 1C 2E 1A 16 26 10 10 0A 1A 24 02 14 00
00 1A 14 24 06 1A 1A 24 28 18 1A 1A 06 14 14 00
00 0A 1A 06 1E 12 14 10 2E 0E 16 16 28 20 18 00
00 06 20 1A 0A 14 06 1A 04 1E 06 0A 1A 1E 18 00
00 00 10 0A 1A 1A 10 20 1E 1C 1E 06 1A 16 1A 00
00 00 06 0A 20 10 2A 16 1E 20 16 2E 1A 16 10 00
00 10 06 0A 10 14 16 00 04 06 0A 10 14 20 24 00
00 00 00 00 00 00 00 00 00 00 00 00 00 00 00 00
