00 00 00 00 00 00 00 00 00 00 00 00 00 00 00 00
00 2E A0 40 3E 71 70 68 71 10 32 32 32 54 49 00
00 90 9C 48 58 98 82 68 51 54 1E 3E 41 56 41 00
00 46 1A 60 54 30 71 70 66 51 59 56 4C 3A 44 00
00 64 49 44 12 64 92 34 12 0C 79 76 9A 30 54 00
00 70 30 4C 04 6C 3A 24 2C 18 61 82 7E 44 96 00
00 34 5C 3C 2E 66 B8 98 0E 2A 1C 50 74 49 AC 00
00 48 78 60 7E 76 66 DA 74 58 68 68 80 2C 40 00
00 2A 8E 71 3A 32 32 CA C6 5E 24 5E 46 70 56 00
00 28 40 68 3C 48 93 C0 A2 36 59 0E 4C 38 46 00
00 26 2E 66 12 9E 76 92 A0 60 7E B2 50 3A B0 00
00 3E 3E 90 26 64 93 49 70 44 18 6E B0 C2 90 00
00 64 70 7E AE 69 64 30 46 3E 64 83 CE EE 6E 00
00 69 BA 92 8A 96 78 1C 6C 06 58 14 86 FF EC 00
00 4E E0 98 E3 BA 3A 60 4E 2E 4E 69 59 1C A3 00
00 00 00 00 00 00 00 00 00 00 00 00 00 00 00 00
