00 00 00 00 00 00 00 00 00 00 00 00 00 00 00 00
00 2A 3A 30 2A 26 2A 20 2A 36 41 7E F6 FF FF 00
00 0A 1A 20 2A 3A 40 40 3C 36 3A 40 61 AC FF 00
00 14 10 00 06 16 20 2A 34 30 30 32 30 3C 7C 00
00 04 10 00 00 00 00 06 14 24 2A 34 2A 30 3C 00
00 0E 0A 10 10 06 00 00 06 10 1A 16 14 1A 20 00
00 14 1A 10 14 0A 00 00 00 00 06 14 14 10 00 00
00 0A 10 10 14 0E 06 06 0A 06 00 10 24 0C 10 00
00 10 10 10 1A 00 1A 1A 06 0A 00 0A 1A 24 1A 00
00 00 00 00 06 14 10 10 14 0C 0A 10 14 0A 10 00
00 00 00 00 00 06 10 00 10 04 20 28 16 0A 06 00
00 00 00 00 00 00 0A 14 0A 1A 2E 0A 24 06 0A 00
00 0A 06 00 06 0A 0A 10 14 16 16 1E 14 06 06 00
00 00 0A 06 14 10 14 10 06 10 06 20 16 14 06 00
00 1A 0C 1A 14 10 0A 10 0A 0A 0E 18 0A 0A 0A 00
00 00 00 00 00 00 00 00 00 00 00 00 00 00 00 00
