00 00 00 00 00 00 00 00 00 00 00 00 00 00 00 00
00 0A 06 00 06 10 06 0A 14 18 10 10 14 10 00 00
00 0A 06 06 14 10 0A 14 14 04 1A 24 06 10 0A 00
00 10 0A 10 10 2A 10 0C 06 1A 1A 0C 18 0A 10 00
00 1E 14 14 0E 14 0E 0E 1A 06 14 0A 0A 28 08 00
00 1E 18 14 18 0A 16 1E 20 16 1A 16 18 1A 28 00
00 18 12 0A 0E 0E 1A 18 14 14 06 1A 26 2E 06 00
00 0A 10 0A 0E 14 0E 14 14 10 0A 0A 00 1A 1A 00
00 1A 16 04 10 14 16 0A 10 20 16 0C 0A 04 06 00
00 1A 24 1A 28 0E 10 0A 0A 14 1A 1A 10 0A 1A 00
00 10 1A 24 1A 14 10 06 1A 26 26 1A 10 1A 10 00
00 0A 20 10 0A 0A 06 00 10 1E 20 1E 24 16 04 00
00 0A 1A 06 1A 10 10 10 0A 1A 34 1A 30 14 24 00
00 14 20 2A 2A 16 20 20 20 10 16 14 24 16 2E 00
00 10 0A 14 0A 06 14 1A 1A 06 06 14 00 14 0C 00
00 00 00 00 00 00 00 00 00 00 00 00 00 00 00 00
