00 00 00 00 00 00 00 00 00 00 00 00 00 00 00 00
00 34 20 0A 0E 1E 0C 20 0E 32 20 24 0A 2A 32 00
00 34 28 1E 14 1A 06 2A 2E 34 0A 10 0E 08 14 00
00 26 04 16 2A 20 0C 34 18 1E 28 16 20 18 12 00
00 10 1C 2C 18 28 0C 1A 0A 18 10 0C 2E 28 2C 00
00 02 20 06 0E 16 06 14 22 0A 28 12 34 2E 1A 00
00 12 34 18 0C 3C 16 28 1E 28 16 10 16 1E 1E 00
00 28 2A 10 22 14 0E 16 2A 0E 2A 0E 22 1A 04 00
00 0E 30 1E 0A 08 12 12 26 26 26 22 26 0A 18 00
00 16 2E 1A 1A 10 0A 1A 08 2A 22 2E 06 18 22 00
00 28 0A 2A 1C 0E 14 0A 0A 1C 28 10 32 2A 12 00
00 14 16 22 08 2E 18 18 1A 3C 44 36 18 28 26 00
00 44 34 20 34 44 34 2A 22 41 30 41 32 1E 44 00
00 1E 32 36 0C 14 10 1E 18 18 48 1E 49 38 36 00
00 26 0E 3A 36 14 10 14 0A 18 18 24 06 38 1A 00
00 00 00 00 00 00 00 00 00 00 00 00 00 00 00 00
