00 00 00 00 00 00 00 00 00 00 00 00 00 00 00 00
00 0A 06 0A 06 0A 14 1E 0A 1A 0A 0A 1E 16 32 00
00 10 10 0A 10 06 1A 1A 0E 1A 04 06 16 1E 12 00
00 00 1A 0A 10 0A 00 0A 1E 10 14 10 10 16 24 00
00 1A 16 06 0C 10 10 06 20 2A 16 0A 0A 06 06 00
00 10 10 1A 24 10 10 24 14 1A 04 0A 16 24 20 00
00 1A 10 06 16 24 04 1A 1A 2A 10 10 2E 06 1A 00
00 10 1A 10 06 1A 06 24 2E 0A 1E 0E 1A 1A 10 00
00 00 10 10 1A 26 1A 04 10 18 06 1A 06 0C 0A 00
00 10 14 20 10 1A 10 06 0A 0C 14 10 14 1A 0A 00
00 24 0A 24 20 2A 16 14 00 1A 16 0A 0A 10 10 00
00 12 14 10 16 0A 24 22 2E 1A 10 10 14 06 10 00
00 18 20 10 24 28 10 10 14 1E 20 14 10 16 24 00
00 18 20 10 06 12 1E 10 10 2A 10 0A 24 26 20 00
00 2A 1E 0C 1A 1A 0A 04 18 14 0C 06 20 2A 14 00
00 00 00 00 00 00 00 00 00 00 00 00 00 00 00 00
