00 00 00 00 00 00 00 00 00 00 00 00 00 00 00 00
00 06 0A 14 10 00 20 1A 1A 00 0A 0A 20 30 26 00
00 06 10 0A 00 0A 06 0A 10 2A 20 10 10 20 1A 00
00 0A 10 06 0A 0C 0A 06 1A 24 24 1E 14 10 2E 00
00 0A 10 00 00 10 0A 10 16 30 2A 10 10 10 2C 00
00 10 06 06 0A 0A 0A 00 0E 0A 0A 10 10 1A 30 00
00 0A 00 0A 00 04 00 0A 1A 2A 24 04 06 06 2A 00
00 10 06 06 0A 0A 0A 0A 14 14 20 14 10 00 20 00
00 16 0E 06 10 0E 1A 1A 00 10 20 06 10 00 20 00
00 28 08 10 1A 24 28 10 0A 00 10 00 10 00 20 00
00 20 08 18 16 24 0E 1A 06 00 10 00 10 00 16 00
00 0A 0E 10 2E 06 24 06 06 0A 0A 14 10 00 06 00
00 06 06 0A 16 14 16 00 0A 00 14 0A 0A 00 0A 00
00 10 10 0A 0C 0A 06 00 06 0A 0C 00 06 00 06 00
00 0A 0E 14 1E 0C 00 00 06 0A 0A 00 0A 00 0C 00
00 00 00 00 00 00 00 00 00 00 00 00 00 00 00 00
