00 00 00 00 00 00 00 00 00 00 00 00 00 00 00 00
00 B6 59 4E 79 46 48 24 38 EE B6 40 A0 40 49 00
00 10 92 93 80 54 36 32 B0 E3 40 4E 4C 88 A3 00
00 51 26 A6 66 A6 46 8A 76 4C 38 12 7E 6C 49 00
00 28 50 B6 46 59 9C 86 61 26 32 61 41 38 71 00
00 38 92 74 61 04 86 46 7C 58 60 76 71 A2 8A 00
00 82 AE 14 40 4C 4C 68 9C 79 74 8C 82 8C 0A 00
00 2E 7C 10 49 98 71 B0 64 36 16 22 59 61 56 00
00 22 69 44 48 4C 51 69 24 68 2A 3E 86 46 54 00
00 68 68 20 7C B3 7C 49 3A 51 36 4C 66 69 66 00
00 71 18 16 54 60 C8 59 2A 5E 61 1A 56 41 26 00
00 36 08 4E 79 A2 9C 20 10 3E 22 36 1A 61 5E 00
00 5E 44 48 6C A8 70 2C 44 61 51 28 58 5E FF 00
00 79 40 18 93 93 1C 3E 6C 40 80 49 56 32 FF 00
00 54 69 1E B0 6C 8A 44 7C 60 A8 3A 28 FF FF 00
00 00 00 00 00 00 00 00 00 00 00 00 00 00 00 00
