00 00 00 00 00 00 00 00 00 00 00 00 00 00 00 00
00 20 24 2E 1E 20 1A 18 1A 0A 14 10 06 20 1C 00
00 14 16 2A 1A 3A 34 24 0A 18 04 00 1A 24 1A 00
00 14 1A 20 06 3A 16 16 10 0A 0E 0E 14 10 14 00
00 0A 06 10 0A 2A 24 20 04 0E 14 10 14 06 04 00
00 00 06 04 14 06 24 20 16 14 1A 1E 14 16 0E 00
00 2A 1C 14 0A 0A 0A 10 34 14 1E 20 00 24 1A 00
00 1E 2E 2E 10 10 0C 14 0C 1E 0C 16 14 06 24 00
00 30 4E 12 0A 10 14 16 10 10 1A 12 14 0E 14 00
00 0A 0C 10 16 20 1A 0E 18 18 14 10 0E 14 20 00
00 16 24 16 0A 10 10 1E 06 16 24 12 18 1A 06 00
00 10 16 24 0A 1A 10 16 0C 14 04 10 0A 20 24 00
00 0C 2A 24 0E 0C 0A 10 0A 1E 0A 10 10 10 00 00
00 24 1E 14 14 1A 10 20 12 0A 0E 06 06 10 1A 00
00 18 2E 3A 2A 10 0C 24 3C 08 0C 14 10 1A 2A 00
00 00 00 00 00 00 00 00 00 00 00 00 00 00 00 00
