00 00 00 00 00 00 00 00 00 00 00 00 00 00 00 00
00 0A 14 06 1E 16 1E 0A 10 00 00 06 0A 06 1A 00
00 24 1C 2E 0A 14 0E 0A 06 00 00 00 00 00 10 00
00 20 1A 1C 1A 14 06 0A 00 00 00 00 00 00 10 00
00 1E 1A 1A 06 06 0A 06 00 00 06 0A 06 00 10 00
00 08 10 0C 0A 06 0A 0A 06 06 14 06 1A 10 20 00
00 28 10 14 06 2A 2A 20 0A 16 1A 20 26 20 24 00
00 0A 1E 16 24 1E 14 1E 1A 2E 10 14 1E 20 1A 00
00 1E 0A 00 20 2A 2A 20 20 10 14 30 24 30 20 00
00 10 16 06 10 0A 0A 16 1C 14 20 24 0A 10 06 00
00 06 24 10 10 14 0A 14 1A 04 16 16 06 10 10 00
00 20 16 14 1A 06 14 10 1A 0A 20 1E 1A 10 10 00
00 34 3A 16 06 0A 0A 10 20 10 26 16 1A 14 10 00
00 0C 1A 14 00 10 14 24 1A 06 20 1E 10 00 1A 00
00 1E 10 10 1A 14 14 24 20 34 20 10 0E 0E 1A 00
00 00 00 00 00 00 00 00 00 00 00 00 00 00 00 00
