00 00 00 00 00 00 00 00 00 00 00 00 00 00 00 00
00 26 30 10 28 1C 2A 26 28 12 2E 38 24 1E 44 00
00 1C 24 1A 24 1A 14 2A 20 41 20 1C 2A 30 41 00
00 1E 10 22 28 24 1E 14 30 3E 36 30 1C 2A 3A 00
00 20 14 1A 16 10 0C 20 0C 12 2A 34 20 20 40 00
00 44 32 20 08 0E 12 1A 28 10 1A 20 16 14 26 00
00 2A 3E 34 14 16 18 10 20 30 34 1C 24 1A 1A 00
00 44 32 1A 12 0C 0E 0A 0E 10 2A 2A 26 20 10 00
00 1C 24 0C 18 0A 0A 1A 10 1A 36 36 3A 30 14 00
00 48 28 24 12 10 10 16 1A 0A 1E 28 40 40 3A 00
00 1A 2E 2A 1A 32 14 1A 16 10 20 14 26 2E 2A 00
00 24 26 0C 3A 12 28 12 28 12 36 16 49 36 22 00
00 12 10 2E 18 26 1C 10 0A 12 0A 2E 4E 2A 0E 00
00 22 10 30 08 20 1E 10 06 18 14 0C 3A 54 2C 00
00 18 18 20 32 30 08 18 0C 20 1A 00 10 2A 34 00
00 00 00 00 00 00 00 00 00 00 00 00 00 00 00 00
