00 00 00 00 00 00 00 00 00 00 00 00 00 00 00 00
00 14 22 12 2A 4E 30 30 22 1A 26 3E 1C 2C 4E 00
00 1E 40 44 3E 32 2C 4E 40 20 20 20 41 32 2C 00
00 06 54 44 12 1C 12 1E 3E 3A 34 1C 28 3E 2E 00
00 18 36 5E 40 2A 28 26 2C 24 20 2E 44 49 2C 00
00 1A 0C 30 44 36 3C 38 20 1C 20 40 49 36 30 00
00 1A 16 3A 16 38 54 38 30 24 26 49 34 38 36 00
00 20 2A 30 16 0C 3A 51 3E 1A 3E 50 2C 28 58 00
00 2A 2A 34 24 14 36 49 3E 14 22 49 3E 34 30 00
00 30 20 16 34 1C 2A 40 36 24 2E 4C 58 2C 30 00
00 1E 1E 12 26 2E 1C 2C 2E 30 30 44 26 26 32 00
00 26 20 2E 34 16 24 3E 1C 26 30 30 24 34 22 00
00 28 30 3A 2C 34 28 3E 26 28 3E 49 22 24 32 00
00 16 30 20 1A 48 2E 2A 3E 0C 26 46 41 1C 2C 00
00 2E 36 36 24 3E 38 34 3C 10 2E 44 2C 34 32 00
00 00 00 00 00 00 00 00 00 00 00 00 00 00 00 00
