00 00 00 00 00 00 00 00 00 00 00 00 00 00 00 00
00 E2 AA 76 79 69 40 36 40 49 44 40 2A 1A 30 00
00 FF BC 9A 83 5C 4C 60 64 49 3C 59 2A 0C 2A 00
00 E2 A0 86 6C 59 4E 49 3C 26 30 50 34 34 40 00
00 B8 9E 71 69 46 2C 3A 36 34 30 2C 41 41 22 00
00 C3 90 6E 74 48 30 30 5E 3C 40 50 49 2A 2A 00
00 C0 92 9C 70 32 36 4E 46 3E 38 26 20 26 46 00
00 C6 BA 8A 41 34 46 56 50 50 36 26 2A 30 4E 00
00 AA A3 66 46 40 49 59 49 3A 2E 40 40 40 40 00
00 96 90 7E 59 50 49 46 36 26 2A 48 20 16 26 00
00 A6 9E 6C 60 50 40 46 50 3E 26 32 20 20 34 00
00 96 86 66 69 56 3E 36 50 2C 26 54 3A 30 30 00
00 9A 8A 69 71 68 28 40 4E 2C 3E 46 2C 2A 20 00
00 A3 7C 60 74 46 26 54 3C 30 30 30 30 2A 22 00
00 80 74 69 66 46 3A 50 40 3A 3C 44 30 1A 26 00
00 00 00 00 00 00 00 00 00 00 00 00 00 00 00 00
