00 00 00 00 00 00 00 00 00 00 00 00 00 00 00 00
00 0C 0A 00 1A 0A 14 10 10 10 30 2A 30 1A 06 00
00 0A 00 10 20 14 16 16 14 06 16 1A 0E 0A 0A 00
00 06 00 10 24 0A 32 1E 10 10 10 14 04 04 06 00
00 0A 00 06 20 28 20 24 1A 10 0A 0A 1E 1A 10 00
00 06 00 06 0A 10 24 04 06 06 10 16 10 16 10 00
00 0C 00 0A 00 14 0C 1E 16 06 10 1A 06 1A 06 00
00 14 00 06 0A 06 1E 14 24 1A 14 16 1E 16 0A 00
00 06 10 10 10 06 16 1A 20 1A 10 10 06 06 06 00
00 14 0A 06 14 0A 10 10 10 0C 0A 06 0A 10 1A 00
00 10 0A 1A 10 0A 06 14 06 0A 00 06 0A 0A 14 00
00 16 24 26 10 06 00 06 00 06 00 0A 00 0A 10 00
00 1A 06 24 1A 10 10 0A 06 14 10 10 06 06 00 00
00 16 1A 06 10 0A 0A 0A 14 0A 0C 14 16 0A 00 00
00 16 24 2A 2E 1A 14 06 06 10 2E 0C 24 06 00 00
00 00 00 00 00 00 00 00 00 00 00 00 00 00 00 00
