00 00 00 00 00 00 00 00 00 00 00 00 00 00 00 00
00 1E 10 06 14 0A 0A 0A 06 00 06 10 10 10 24 00
00 10 1E 04 0A 14 06 00 06 0A 14 00 14 06 10 00
00 16 20 1A 1A 16 10 06 0A 0A 10 1E 0C 10 0A 00
00 16 10 10 0A 0E 1A 14 0C 06 08 0A 06 14 0E 00
00 24 0A 06 14 0C 1A 0E 14 00 14 0A 04 14 06 00
00 1A 10 10 0A 18 0C 04 04 0A 06 2E 1C 10 20 00
00 10 0E 04 0E 0E 1A 14 0A 00 1A 14 1E 06 1A 00
00 06 06 10 10 06 06 16 0A 0A 1C 10 10 1E 0A 00
00 14 06 0A 10 10 10 24 1A 0E 18 18 06 16 0A 00
00 14 0E 08 1E 0C 14 0C 1A 0C 16 14 24 24 0A 00
00 1A 1A 10 16 0A 06 10 26 2E 08 14 10 10 24 00
00 10 0C 0E 14 0C 14 14 16 34 24 20 16 24 0A 00
00 16 14 0E 0C 24 20 20 06 16 16 10 0A 1A 28 00
00 16 1A 00 10 20 34 30 10 10 0A 00 10 12 18 00
00 00 00 00 00 00 00 00 00 00 00 00 00 00 00 00
