00 00 00 00 00 00 00 00 00 00 00 00 00 00 00 00
00 10 1A 24 18 0E 14 10 0C 0E 0E 06 00 10 24 00
00 0A 06 0C 14 0A 0C 1A 06 0A 0A 0A 06 14 14 00
00 04 0A 1E 10 04 0E 14 10 0A 0A 14 08 16 0A 00
00 14 14 04 0A 04 04 14 1C 1A 18 0E 1C 18 14 00
00 0A 10 00 1A 10 06 10 14 06 1E 0E 12 1E 06 00
00 10 00 10 14 1A 1A 20 16 24 10 1E 12 20 16 00
00 1A 10 0A 10 1E 0A 14 0A 0C 14 16 14 10 1E 00
00 10 10 04 06 0C 10 04 0A 0A 16 20 10 0C 0C 00
00 1A 14 0E 10 1E 20 0A 10 14 24 26 20 34 20 00
00 06 1A 20 30 26 2A 26 1A 1A 06 24 24 2A 1A 00
00 06 1A 10 20 2E 1C 1E 10 14 0A 04 10 16 0C 00
00 24 26 16 26 1A 1A 0E 1A 04 0A 06 0A 10 14 00
00 10 1A 00 14 0A 24 0E 16 04 06 00 00 06 1A 00
00 24 16 06 04 24 0C 14 1A 0A 14 06 00 00 06 00
00 00 00 00 00 00 00 00 00 00 00 00 00 00 00 00
