00 00 00 00 00 00 00 00 00 00 00 00 00 00 00 00
00 2A 10 10 16 0C 0A 14 10 0A 20 2C 14 38 0E 00
00 26 1A 1A 2A 1A 1A 20 20 0C 36 41 2C 26 14 00
00 20 1A 1A 26 2A 2C 1C 24 22 61 10 48 26 0A 00
00 1A 20 1C 16 10 2E 24 12 51 2E 41 3A 1A 10 00
00 30 34 26 14 0A 0C 2A 3A 38 32 49 1C 06 14 00
00 1A 26 24 14 1A 20 30 38 20 3E 24 10 00 0C 00
00 0A 34 2A 20 34 34 24 10 3E 20 20 2A 20 20 00
00 04 26 44 26 20 14 1E 2E 20 34 2C 26 16 10 00
00 0A 0A 10 1A 10 0E 26 2A 14 20 2A 1A 14 10 00
00 14 10 18 1E 2E 10 26 16 0A 14 20 16 16 2A 00
00 2A 2A 3A 41 2A 0C 38 30 0C 1A 22 10 1A 10 00
00 20 26 48 16 2A 10 0C 3E 16 1A 34 06 14 10 00
00 20 24 0A 2E 26 10 0A 20 2E 2C 50 30 20 20 00
00 1A 1A 1A 30 20 10 0A 0A 10 16 34 20 18 1A 00
00 00 00 00 00 00 00 00 00 00 00 00 00 00 00 00
