00 00 00 00 00 00 00 00 00 00 00 00 00 00 00 00
00 1C 1E 1C 14 26 40 24 20 40 44 26 22 54 59 00
00 3C 14 32 2E 48 34 0A 16 46 3A 24 3E 44 3A 00
00 2E 38 30 1E 54 26 06 3A 51 38 28 59 49 3A 00
00 1A 0A 0E 1E 49 3A 1A 3A 1C 34 5C 54 3E 49 00
00 16 06 06 20 32 41 28 34 2E 38 50 46 3E 30 00
00 14 1A 10 34 26 26 34 26 40 3E 3E 48 36 40 00
00 08 10 1E 30 2E 3A 22 1A 51 34 32 54 3C 44 00
00 2E 2E 1A 30 30 34 26 2A 26 4E 38 3A 3A 49 00
00 0C 16 14 2A 2C 2A 38 20 12 3A 54 49 28 44 00
00 06 22 2A 30 3A 1C 1C 20 2A 44 3C 44 34 40 00
00 06 1E 30 2C 30 2E 2A 2A 2C 30 3A 54 30 30 00
00 06 16 32 3A 2A 20 22 2A 4E 3C 58 49 1C 44 00
00 14 06 0C 26 26 24 34 38 44 3A 49 2A 20 36 00
00 28 2A 2E 30 2A 1C 36 2C 36 68 54 20 32 71 00
00 00 00 00 00 00 00 00 00 00 00 00 00 00 00 00
