00 00 00 00 00 00 00 00 00 00 00 00 00 00 00 00
00 14 0C 14 0A 00 10 06 10 10 1A 1A 1A 1A 1A 00
00 06 14 0A 0C 0A 14 10 10 0A 14 1A 06 10 0A 00
00 0E 10 00 0A 14 0A 14 00 14 0A 1A 16 2E 16 00
00 10 06 00 0A 0A 0E 0C 1A 0A 14 16 24 16 1A 00
00 16 0A 00 06 1A 10 0A 10 1A 1A 06 10 1A 1A 00
00 24 00 0A 10 14 16 24 26 2A 16 24 1A 10 14 00
00 16 10 0A 20 1A 34 1A 10 10 06 2A 1A 00 06 00
00 06 10 00 0C 0A 0C 24 2A 1A 16 2E 0A 06 16 00
00 06 1A 10 10 10 26 24 10 04 24 10 10 1A 14 00
00 14 0C 14 00 14 20 14 14 14 14 08 22 0E 0A 00
00 10 14 00 14 0A 1A 0A 08 00 0E 1E 10 14 14 00
00 20 06 0A 0A 14 06 0A 0A 0E 14 1A 04 14 10 00
00 1E 04 10 20 10 06 06 06 0A 14 0A 06 04 00 00
00 1A 18 0A 10 1A 1A 1A 1A 10 06 0C 1E 12 10 00
00 00 00 00 00 00 00 00 00 00 00 00 00 00 00 00
