00 00 00 00 00 00 00 00 00 00 00 00 00 00 00 00
00 3E 36 30 0A 0E 12 0A 1A 14 06 10 06 0A 0C 00
00 20 2E 16 24 24 28 12 24 04 26 34 1C 1A 16 00
00 10 0E 1E 1A 38 1A 14 14 0A 28 1A 10 1A 1A 00
00 0C 1E 12 24 14 22 16 0E 06 18 34 1C 2A 16 00
00 00 06 1A 20 34 24 16 0A 0A 08 14 1A 0E 10 00
00 06 0A 16 20 34 10 20 10 14 0A 14 1E 14 16 00
00 06 06 16 24 16 16 20 10 14 0A 1A 1A 14 24 00
00 1A 1A 24 10 10 1E 1A 14 0A 18 0E 04 0E 24 00
00 0C 0A 10 14 26 1A 04 0A 1A 08 0E 14 24 06 00
00 10 10 10 14 24 10 10 1A 2A 24 08 0E 14 2E 00
00 0E 10 0A 1E 1A 14 1A 0A 24 20 10 14 08 24 00
00 1A 10 2E 10 0E 28 16 1E 16 16 14 06 06 16 00
00 24 1A 20 34 24 10 0A 16 20 2E 24 16 1E 08 00
00 16 20 0A 1A 0E 14 10 10 14 1E 24 16 24 2A 00
00 00 00 00 00 00 00 00 00 00 00 00 00 00 00 00
