00 00 00 00 00 00 00 00 00 00 00 00 00 00 00 00
00 10 24 08 0A 24 14 2A 10 0E 24 40 20 5C F2 00
00 34 2C 30 3E 2C 1A 30 34 2A 1C 40 2E 32 9A 00
00 2C 34 24 0C 10 14 20 26 2A 26 30 24 1C 56 00
00 2A 20 0A 06 14 0A 10 16 26 3A 40 2C 2A 32 00
00 10 1A 06 1E 10 10 06 14 24 16 34 20 24 30 00
00 0A 14 1A 10 1E 16 1A 10 20 00 16 10 0C 16 00
00 2A 26 2A 10 0A 10 20 16 36 1A 30 34 30 0C 00
00 1E 0A 00 0E 0C 14 16 16 3E 0C 16 2A 54 44 00
00 1A 1A 1A 14 38 16 2A 2E 26 0A 0A 10 1C 48 00
00 1A 06 06 1E 2A 06 16 20 16 06 06 1A 06 26 00
00 0A 10 06 04 38 30 06 10 10 10 00 10 14 04 00
00 04 14 2A 2A 0C 2A 10 14 0E 1E 16 1A 06 14 00
00 0A 24 30 3A 2A 36 1A 0C 1A 0A 14 06 06 0A 00
00 10 20 20 16 24 26 10 10 14 0E 06 00 0A 0A 00
00 00 00 00 00 00 00 00 00 00 00 00 00 00 00 00
