00 00 00 00 00 00 00 00 00 00 00 00 00 00 00 00
00 0A 06 0A 0C 0A 0C 2A 10 10 10 1A 10 10 0A 00
00 10 06 06 24 16 2E 2A 14 10 10 10 00 06 1A 00
00 14 10 00 16 14 10 10 0A 06 10 1C 20 2A 20 00
00 0A 14 10 20 1A 06 10 10 10 20 34 24 20 1A 00
00 14 1E 20 26 1A 0C 10 16 1A 20 20 10 0A 04 00
00 1A 06 34 34 06 20 24 20 00 06 1A 10 14 06 00
00 20 1A 1C 26 1E 20 10 20 0A 06 06 14 10 1A 00
00 0C 28 20 1A 0A 06 2A 20 06 1A 1A 10 0A 14 00
00 32 10 04 0C 10 1A 2A 0A 04 1A 06 00 0A 0A 00
00 0C 24 24 20 1A 10 16 0A 14 22 0C 00 04 06 00
00 10 14 1A 24 1A 06 1A 1E 22 0A 14 00 0A 14 00
00 1A 1A 1A 12 10 00 06 2A 18 18 0C 00 06 1A 00
00 1C 20 10 1A 1A 06 0A 06 24 14 10 00 0A 16 00
00 1A 1A 06 10 06 06 0A 06 20 10 16 0A 10 22 00
00 00 00 00 00 00 00 00 00 00 00 00 00 00 00 00
