00 00 00 00 00 00 00 00 00 00 00 00 00 00 00 00
00 10 16 14 1A 0C 14 0A 1E 06 1A 20 10 14 0C 00
00 14 14 06 10 0A 06 1E 0C 00 06 24 16 04 18 00
00 14 0C 0A 10 06 14 0A 06 00 0A 06 2A 1A 10 00
00 06 10 0A 0A 0A 10 00 0A 06 10 1A 2A 0E 0E 00
00 0A 14 04 14 0E 10 1A 06 14 06 06 1C 04 12 00
00 0A 06 18 0A 1E 12 1E 0E 10 14 10 2A 14 14 00
00 0A 0A 0A 1E 10 1C 10 12 00 04 10 30 14 14 00
00 10 1A 10 06 1A 0C 0A 08 0A 0A 10 10 1E 06 00
00 14 1A 0C 00 10 0A 0A 04 0A 0A 14 04 06 14 00
00 1E 16 24 10 1A 06 14 0C 10 14 16 14 14 0C 00
00 0A 10 16 06 06 1E 06 0A 0E 14 24 20 06 16 00
00 1A 24 18 0E 0A 06 0A 10 2A 28 1A 0E 10 20 00
00 10 24 1A 1A 10 06 10 0A 24 1E 22 1A 10 08 00
00 34 2A 02 0A 10 10 14 10 0C 34 1E 10 0E 18 00
00 00 00 00 00 00 00 00 00 00 00 00 00 00 00 00
