00 00 00 00 00 00 00 00 00 00 00 00 00 00 00 00
00 0A 06 1A 10 20 1A 16 0A 00 10 14 06 10 14 00
00 00 00 16 1A 30 1A 34 1A 0A 0A 06 1E 04 0A 00
00 06 00 06 0A 10 0A 16 24 10 06 14 14 06 0A 00
00 0A 00 00 00 06 0A 0C 14 14 10 20 0A 0E 0A 00
00 10 0A 06 10 10 06 0A 06 1A 1A 10 14 06 06 00
00 1A 0E 1E 04 14 0A 06 0A 16 2A 10 0C 0A 10 00
00 1A 0E 10 24 20 1A 10 06 10 20 10 0A 00 06 00
00 00 0A 0A 10 14 0A 1A 06 06 24 16 06 0A 06 00
00 10 10 10 0A 20 10 1A 10 14 10 24 10 10 10 00
00 06 1E 20 14 14 10 10 06 10 0C 20 16 16 1A 00
00 20 10 10 1A 0A 14 0A 06 10 0A 10 14 10 00 00
00 16 1E 1A 04 1A 14 0A 10 1A 10 24 06 10 0A 00
00 04 04 10 1A 1A 24 16 06 0A 0A 06 0A 06 00 00
00 1A 24 1E 14 10 10 1A 00 00 0A 06 16 1A 16 00
00 00 00 00 00 00 00 00 00 00 00 00 00 00 00 00
