00 00 00 00 00 00 00 00 00 00 00 00 00 00 00 00
00 24 12 1A 10 24 16 1E 0A 28 0E 06 04 22 08 00
00 14 1A 24 0A 10 16 16 30 26 26 20 24 10 2A 00
00 0A 24 1A 14 1A 1A 00 20 20 2A 38 26 22 28 00
00 04 16 2A 20 0A 12 00 20 2E 24 0A 32 16 06 00
00 1E 10 1E 1E 0A 18 0A 12 16 1C 2C 0A 2E 18 00
00 24 20 24 14 0A 12 10 24 24 08 0A 08 2E 14 00
00 20 3C 10 1A 0E 14 1A 14 36 28 26 14 30 10 00
00 3E 20 26 08 0A 1A 24 14 1C 1E 30 14 3A 20 00
00 26 06 08 2A 34 30 44 0C 20 16 24 24 28 2E 00
00 06 18 0A 2C 28 26 0A 26 22 1C 16 28 18 28 00
00 14 10 28 30 10 2E 1E 02 16 02 28 18 3C 12 00
00 04 24 0C 26 3C 1A 18 14 1A 2E 2E 34 36 26 00
00 2E 2A 12 44 3E 34 10 10 14 24 14 48 40 1A 00
00 14 26 51 40 36 3E 12 2A 30 26 36 0A 44 2E 00
00 00 00 00 00 00 00 00 00 00 00 00 00 00 00 00
