00 00 00 00 00 00 00 00 00 00 00 00 00 00 00 00
00 0A 10 1A 1E 14 1A 0C 1E 14 0A 10 0A 16 0E 00
00 1A 1C 16 0E 0E 1A 18 10 14 0E 16 20 2A 1A 00
00 1A 2A 24 10 06 1A 00 14 0E 06 06 2E 10 0A 00
00 2A 20 0C 14 1A 14 24 10 14 0A 10 20 24 16 00
00 34 0C 0A 00 2A 14 1A 0A 0A 14 0C 06 10 06 00
00 24 14 06 0A 16 1A 0A 18 20 0E 0E 0A 0E 1A 00
00 1E 1E 10 10 1A 06 14 14 1A 1A 1C 16 0E 06 00
00 08 0A 14 10 06 00 0C 20 30 34 14 1E 08 06 00
00 1A 24 1A 04 10 10 10 06 1A 26 34 06 12 1A 00
00 10 0A 14 14 1A 10 10 10 14 06 16 24 28 04 00
00 20 16 16 20 0A 1A 24 16 1A 34 2A 0A 20 38 00
00 14 10 14 16 14 20 16 16 1A 26 26 1A 10 14 00
00 10 14 04 1E 16 20 1A 14 14 1E 1E 16 1A 16 00
00 1A 14 0E 0A 0A 0A 10 08 24 1E 06 10 10 06 00
00 00 00 00 00 00 00 00 00 00 00 00 00 00 00 00
