00 00 00 00 00 00 00 00 00 00 00 00 00 00 00 00
00 14 10 14 14 10 10 20 10 04 10 14 06 06 00 00
00 06 10 16 10 06 0A 0A 0A 14 14 0A 0A 10 0A 00
00 1A 06 0A 00 00 06 10 10 06 10 10 06 10 14 00
00 16 0A 06 06 0A 06 00 06 0A 0A 06 06 04 0E 00
00 16 0A 06 0A 06 1A 10 10 0A 0A 14 10 0A 0A 00
00 0A 10 1A 16 14 10 0A 10 0A 14 10 16 0E 0E 00
00 0A 14 06 0A 0A 10 10 00 10 20 10 10 06 0E 00
00 00 10 10 10 06 00 00 0A 0A 10 14 06 00 1A 00
00 0A 00 00 00 00 00 00 06 10 10 0C 0A 06 16 00
00 0A 0A 06 10 10 10 06 00 00 06 14 06 0A 24 00
00 10 00 00 0A 1A 14 0A 00 00 0A 06 14 0A 1A 00
00 10 0A 06 14 1A 1E 14 06 00 06 10 16 20 14 00
00 0A 06 10 16 2A 14 06 0A 00 06 14 0A 10 14 00
00 06 14 10 06 1A 00 10 16 10 10 10 0A 10 0C 00
00 00 00 00 00 00 00 00 00 00 00 00 00 00 00 00
