00 00 00 00 00 00 00 00 00 00 00 00 00 00 00 00
00 20 1E 24 20 10 14 24 1A 1E 1A 10 06 0A 0A 00
00 38 10 2A 10 10 1A 00 1A 10 10 20 10 1A 1A 00
00 1A 12 1E 06 1A 0A 24 1A 0A 10 1A 06 10 0A 00
00 12 10 06 14 10 14 1A 14 14 1A 16 24 1A 1E 00
00 14 1A 0A 06 06 10 06 10 0A 10 0A 0C 0A 10 00
00 14 0C 00 00 00 0A 00 0A 0A 14 0A 0A 06 0A 00
00 00 00 00 00 06 10 10 10 00 10 10 06 0A 14 00
00 00 00 06 0A 0A 00 00 00 0A 00 00 00 10 0E 00
00 06 06 14 06 14 10 10 10 06 06 10 10 0A 14 00
00 0A 0A 06 1E 06 06 16 24 0C 1A 14 10 1A 14 00
00 0A 00 0A 06 1E 12 18 16 28 10 0A 24 1C 32 00
00 10 0A 00 14 0A 24 12 20 16 0A 0A 1A 2A 08 00
00 14 0E 06 0C 18 14 1A 24 20 10 14 06 16 1A 00
00 16 10 10 0A 16 0A 24 0A 1E 00 0A 10 16 10 00
00 00 00 00 00 00 00 00 00 00 00 00 00 00 00 00
