00 00 00 00 00 00 00 00 00 00 00 00 00 00 00 00
00 4E 16 1C 40 68 50 30 36 2A 14 3A 16 0C 4E 00
00 58 44 26 3A 3C 36 30 44 20 10 26 1E 24 30 00
00 26 34 2E 3A 49 3A 49 40 16 10 2A 26 30 30 00
00 64 64 4C 56 64 50 49 30 16 1A 26 30 3A 30 00
00 69 40 3C 64 49 32 40 26 26 2A 2A 2A 26 34 00
00 64 3C 4E 50 20 2C 4E 20 30 2A 0A 2A 36 40 00
00 AE 79 69 50 26 38 34 18 49 2A 10 10 20 24 00
00 E0 59 36 20 14 10 34 3E 44 12 16 34 30 26 00
00 FF 5C 34 20 20 2A 34 30 49 2A 1E 16 16 14 00
00 FF 64 1C 36 4E 30 20 1C 30 2A 16 24 20 0E 00
00 FF 66 30 4E 36 16 10 1A 30 26 0C 1A 2A 16 00
00 FF 8A 49 40 20 1E 10 16 30 2A 14 10 1C 24 00
00 FF E8 46 3A 16 1C 18 0E 2C 26 0C 1A 20 16 00
00 FF FF 5C 2C 20 34 14 0A 3E 3A 10 10 20 1A 00
00 00 00 00 00 00 00 00 00 00 00 00 00 00 00 00
