00 00 00 00 00 00 00 00 00 00 00 00 00 00 00 00
00 10 06 10 1E 1E 06 18 06 12 10 1A 14 10 14 00
00 0A 10 1A 24 26 14 0A 18 1E 2E 16 06 06 10 00
00 02 1E 1A 10 10 0E 0C 14 24 0A 06 0A 04 20 00
00 24 14 14 1E 14 1A 1E 1E 16 06 00 00 1A 22 00
00 26 30 24 14 08 04 24 08 1A 14 0C 26 34 10 00
00 06 0A 10 16 0E 04 1E 0A 2A 06 10 2E 16 34 00
00 1A 14 10 14 0A 16 24 0E 1A 06 10 1C 14 16 00
00 10 20 2A 1C 24 16 10 14 14 1A 20 2A 1A 0C 00
00 14 0A 00 06 1A 20 20 24 24 06 10 2A 24 10 00
00 0A 14 10 1A 00 10 24 20 34 30 16 20 1A 20 00
00 14 10 06 16 14 04 10 16 16 2E 0C 1A 0C 1A 00
00 10 00 0A 1A 1A 0E 06 14 1A 10 2E 26 24 26 00
00 06 16 1A 0A 1A 22 1A 0A 06 06 2A 20 0A 28 00
00 00 1A 0A 0A 14 24 38 12 0A 14 1A 48 1C 0C 00
00 00 00 00 00 00 00 00 00 00 00 00 00 00 00 00
