00 00 00 00 00 00 00 00 00 00 00 00 00 00 00 00
00 1A 10 00 10 1E 06 14 0A 1A 10 1E 10 10 10 00
00 14 1E 0A 06 0C 0A 06 00 0C 2E 16 10 06 14 00
00 18 1E 18 0A 0A 00 06 10 1A 00 14 06 00 10 00
00 12 08 22 0E 0E 06 14 10 1A 1A 06 00 00 06 00
00 08 14 16 18 06 06 10 2A 1A 16 10 10 06 00 00
00 14 06 1E 0A 10 1A 10 16 06 0C 14 10 0A 00 00
00 06 14 1A 0A 06 10 10 0E 0E 24 20 1A 00 0A 00
00 0A 10 0E 18 16 0A 14 06 18 1E 2A 10 0A 00 00
00 06 10 1A 14 1A 06 0E 10 10 24 24 0A 10 1A 00
00 00 06 1E 1A 34 16 0A 14 16 24 10 08 0E 1A 00
00 10 1A 0A 2E 10 12 1E 1C 16 14 1A 1A 28 10 00
00 14 0C 1A 2A 0A 18 0A 1E 10 0A 10 14 1A 32 00
00 14 20 1A 10 14 10 24 1C 0C 0A 06 10 2E 1E 00
00 14 16 10 16 0A 0A 06 00 0A 00 0A 10 20 24 00
00 00 00 00 00 00 00 00 00 00 00 00 00 00 00 00
