00 00 00 00 00 00 00 00 00 00 00 00 00 00 00 00
00 14 14 16 1A 04 14 10 34 0A 10 14 1A 14 06 00
00 24 10 14 00 0A 0E 0E 24 14 0A 0A 10 00 0A 00
00 0A 14 10 0A 00 06 0A 1A 26 24 1A 10 1A 16 00
00 0A 0A 0A 0A 0A 06 1E 06 1A 10 0A 06 10 14 00
00 06 06 1A 06 00 00 0C 14 04 0A 06 0A 00 04 00
00 0A 10 14 10 06 0A 06 0A 0A 0A 00 06 10 14 00
00 06 10 06 16 1A 10 1A 12 0E 0E 06 00 10 0E 00
00 10 1A 1A 18 16 0C 38 06 0A 14 14 06 10 14 00
00 10 1A 2E 14 1E 24 16 1E 08 0A 10 0A 06 14 00
00 20 1A 18 24 14 1A 10 16 04 1A 16 16 1A 06 00
00 3A 14 20 04 1E 10 06 10 24 24 10 1A 20 1A 00
00 30 2E 3A 1A 0A 0A 0A 0E 0A 14 1A 16 1A 10 00
00 06 1E 04 20 10 0C 0A 0E 22 0C 06 0A 06 06 00
00 10 24 04 2A 10 24 0A 1A 06 14 0A 00 00 0A 00
00 00 00 00 00 00 00 00 00 00 00 00 00 00 00 00
