00 00 00 00 00 00 00 00 00 00 00 00 00 00 00 00
00 36 1E 26 B3 C0 14 96 D3 C0 7E 60 3A 70 A3 00
00 38 20 2E A0 AC 14 93 BC D3 66 36 24 16 64 00
00 3E 58 28 AA BA 32 82 B3 C3 8E 41 2A 44 38 00
00 6E 30 1E 8A 92 48 9A C0 86 78 64 46 49 0C 00
00 32 28 2A 76 76 2A 61 93 7E 61 83 69 2E 14 00
00 49 4C 59 68 68 2C 6C 60 8E 71 70 7E 34 14 00
00 64 70 70 70 56 46 2E 38 60 6E 7E 83 22 14 00
00 44 5C 78 68 61 3C 24 54 56 61 5E 8E 68 20 00
00 49 79 6E 64 74 8A 30 4E 6C 93 66 66 70 3C 00
00 2E 66 51 2E 66 9A 59 68 60 69 64 38 70 41 00
00 36 48 51 20 50 8A 6E 79 61 3C 61 32 38 54 00
00 3A 60 80 69 3A 50 30 10 22 18 48 66 69 3C 00
00 64 58 70 7E 5E 2A 48 66 38 2E 44 66 58 30 00
00 76 74 7C 71 54 49 6E 3A 4E 22 30 68 61 2E 00
00 00 00 00 00 00 00 00 00 00 00 00 00 00 00 00
