00 00 00 00 00 00 00 00 00 00 00 00 00 00 00 00
00 1C 24 1A 16 3A 30 3A 30 16 58 50 41 40 1C 00
00 2A 26 24 14 26 26 26 30 34 3A 58 50 4C 44 00
00 1E 2E 2C 1C 28 32 34 30 26 30 3C 59 59 46 00
00 28 30 3E 30 20 28 3C 38 3C 40 5E 60 50 48 00
00 1A 34 22 20 28 3E 22 0C 4E 60 60 5C 59 3C 00
00 1C 34 2A 22 26 3A 1E 18 40 69 49 40 49 40 00
00 2A 22 16 3C 36 2C 3E 22 50 6E 44 46 64 59 00
00 16 3E 1A 18 40 1A 1A 48 6E 56 32 46 60 50 00
00 2A 30 04 28 3A 1A 2C 60 50 44 3A 59 69 56 00
00 28 1A 1A 1C 2C 2A 3E 48 36 3C 40 5E 54 46 00
00 3C 20 14 1E 34 3C 54 2A 36 5E 64 50 49 6E 00
00 46 34 34 24 2E 49 50 3A 59 60 46 48 7E 79 00
00 50 30 00 18 30 44 4E 22 41 60 49 64 79 5C 00
00 48 40 24 1E 14 36 4C 3E 82 74 40 4C 66 59 00
00 00 00 00 00 00 00 00 00 00 00 00 00 00 00 00
