00 00 00 00 00 00 00 00 00 00 00 00 00 00 00 00
00 0A 20 0C 08 20 2C 34 1A 20 3E 16 0A 00 06 00
00 28 1E 0E 24 3E 1A 34 1E 2E 10 1A 10 04 18 00
00 28 2E 0A 1E 2A 10 16 34 2C 10 24 2A 24 26 00
00 16 30 10 2A 44 36 10 1A 3E 18 18 0A 1E 0C 00
00 24 1E 0E 04 16 41 3A 24 1A 2E 26 26 22 16 00
00 36 1A 16 34 2E 1E 16 22 0E 38 10 1A 12 08 00
00 5E 06 10 26 1C 32 22 0E 18 12 02 18 08 14 00
00 46 1A 0E 1E 24 04 28 0A 18 2A 32 0C 2C 34 00
00 6E 26 14 1E 36 2E 16 10 10 12 26 3E 2E 24 00
00 3C 0E 2E 04 34 24 14 0C 1A 20 34 40 0C 24 00
00 4E 20 2A 1E 36 18 1C 26 22 0A 26 3A 16 20 00
00 38 06 2A 20 38 08 3E 28 1E 40 3E 56 30 1E 00
00 4E 0A 16 10 32 2C 2A 1C 24 32 1E 49 16 22 00
00 40 16 24 10 16 2C 32 34 16 30 24 3A 10 12 00
00 00 00 00 00 00 00 00 00 00 00 00 00 00 00 00
