00 00 00 00 00 00 00 00 00 00 00 00 00 00 00 00
00 14 10 20 1A 12 2E 10 0A 06 00 00 00 00 00 00
00 20 20 06 14 2A 30 10 06 10 10 10 06 00 00 00
00 28 20 0C 34 2E 16 14 2E 10 0A 0A 10 0A 06 00
00 1A 10 24 2A 02 1A 1E 16 1E 16 10 16 0A 1E 00
00 10 10 10 1A 1E 12 20 2E 0C 0A 0A 0A 20 30 00
00 00 00 00 04 10 10 0A 04 0A 0A 06 14 18 28 00
00 00 00 00 10 24 0C 0A 06 00 06 24 10 14 34 00
00 0A 06 10 1A 10 00 06 0A 06 0A 10 0E 1A 24 00
00 06 14 0A 06 10 0A 10 00 0A 06 06 0A 1A 20 00
00 20 20 06 00 1A 0E 14 0A 00 14 14 00 1A 10 00
00 2A 1A 1A 24 14 18 10 0A 10 1A 16 0A 10 10 00
00 26 10 1E 10 28 0A 0E 06 10 28 16 0A 10 10 00
00 3A 2A 1C 0A 16 14 0A 06 14 0A 08 10 0A 16 00
00 3A 40 3A 0C 1A 0A 0A 10 0A 14 10 24 0A 16 00
00 00 00 00 00 00 00 00 00 00 00 00 00 00 00 00
