00 00 00 00 00 00 00 00 00 00 00 00 00 00 00 00
00 06 1E 14 1A 1E 06 00 10 1A 26 32 08 14 20 00
00 04 0A 1A 1A 12 0A 06 04 14 24 0A 1A 10 06 00
00 14 0A 0A 00 0A 06 16 24 16 1A 24 1C 14 10 00
00 06 10 10 06 06 14 24 14 14 20 16 1A 06 0A 00
00 10 1A 06 10 0A 0A 16 1E 10 1A 0A 06 24 10 00
00 18 0E 18 0A 10 14 10 12 28 0E 14 14 10 0A 00
00 06 16 14 14 14 0A 0A 14 0C 18 0A 0E 00 14 00
00 0E 18 0A 0E 00 10 00 10 0E 12 10 0E 0A 0A 00
00 10 0C 0A 04 0A 14 26 2E 20 14 16 10 18 04 00
00 06 1A 10 0A 0A 0E 14 10 0A 0E 1A 10 12 24 00
00 0A 10 06 10 1A 10 0A 1E 10 14 10 0E 18 14 00
00 06 24 16 14 10 14 0A 06 06 06 0A 06 0C 1E 00
00 1E 16 1A 1A 1A 10 00 00 0A 00 00 00 00 06 00
00 20 14 0A 00 1A 20 10 10 0A 10 10 06 00 06 00
00 00 00 00 00 00 00 00 00 00 00 00 00 00 00 00
