00 00 00 00 00 00 00 00 00 00 00 00 00 00 00 00
00 0C 1E 1A 10 18 0E 24 20 10 20 1A 0A 14 0C 00
00 24 20 28 0C 10 1A 28 1E 0C 1E 04 18 06 14 00
00 1A 14 06 28 10 1E 0E 06 3C 12 0A 04 1E 16 00
00 1A 1C 2E 0C 04 0A 02 18 12 1E 04 14 06 34 00
00 20 2A 36 20 18 06 0A 0E 1A 1A 0E 10 2E 24 00
00 24 16 24 24 1A 14 06 0C 24 06 06 2E 22 1C 00
00 10 34 26 16 14 10 00 20 18 18 14 16 1A 30 00
00 1E 1A 06 06 10 00 16 34 10 1A 34 16 16 3E 00
00 2A 30 04 14 14 0A 20 2A 26 2E 40 2A 10 16 00
00 20 2E 16 28 20 14 1E 28 0A 2A 34 18 20 2A 00
00 38 12 16 1A 0A 1A 18 0E 24 2A 1A 20 1A 0A 00
00 1A 06 0E 1E 18 16 10 20 2A 0C 0A 20 2A 06 00
00 16 1E 0A 24 10 06 00 06 2A 16 0C 30 24 0E 00
00 1E 10 0A 1A 0A 10 0A 10 24 18 20 3E 14 26 00
00 00 00 00 00 00 00 00 00 00 00 00 00 00 00 00
