00 00 00 00 00 00 00 00 00 00 00 00 00 00 00 00
00 14 20 16 16 20 14 16 24 34 26 1A 2A 20 10 00
00 06 1A 24 1C 26 10 06 24 26 26 14 2E 26 16 00
00 06 0A 1A 34 30 1E 02 24 2A 24 24 06 24 18 00
00 1A 16 24 26 1C 10 00 06 34 2E 1A 0A 2C 20 00
00 0C 14 06 0A 32 14 04 14 12 16 0A 0A 2A 1A 00
00 10 10 1A 0A 16 24 06 1A 1A 1A 10 12 2E 1E 00
00 16 1A 16 0C 24 16 00 10 16 20 24 20 16 10 00
00 2A 16 14 16 2A 16 10 10 16 16 20 1E 1E 14 00
00 20 10 06 2E 2A 06 0A 06 2E 24 20 0E 10 1A 00
00 0A 1E 0C 12 48 36 10 0A 20 34 20 1E 10 1A 00
00 06 10 1A 14 10 2E 0A 10 24 1A 34 10 14 06 00
00 1A 1A 26 10 24 36 14 10 10 10 2C 38 0C 0A 00
00 0A 1E 28 0A 1A 2E 0A 10 16 20 0A 1E 18 10 00
00 16 2A 0E 0E 20 1C 2E 26 1A 20 0E 14 1A 18 00
00 00 00 00 00 00 00 00 00 00 00 00 00 00 00 00
