00 00 00 00 00 00 00 00 00 00 00 00 00 00 00 00
00 14 06 28 1E 06 24 0C 10 20 0A 2A 10 24 1A 00
00 00 1E 1A 26 10 20 24 14 24 06 2A 14 0A 14 00
00 0E 10 20 28 18 22 30 20 0E 2A 34 06 10 10 00
00 0A 10 28 14 24 1A 20 10 1A 3E 1E 16 10 18 00
00 0A 14 04 1E 0A 26 24 06 16 30 1A 2A 14 14 00
00 16 20 1A 06 14 26 20 06 16 14 14 0C 10 10 00
00 16 1A 20 14 00 2A 20 10 24 0C 14 06 0A 06 00
00 1A 10 2E 10 10 2A 30 14 26 10 10 0C 1A 20 00
00 2A 2E 30 06 10 16 3E 14 2A 10 10 1E 1E 1A 00
00 10 20 1C 10 20 24 1C 10 1C 16 24 0E 1A 1E 00
00 14 1A 20 24 06 10 16 08 34 1E 20 20 0A 04 00
00 0E 00 1C 3E 36 1A 16 1A 44 1E 34 20 08 0A 00
00 0A 0A 28 0A 34 1C 34 2C 49 1E 16 2E 14 1A 00
00 16 0E 18 2C 30 34 2A 20 26 16 24 16 20 1E 00
00 00 00 00 00 00 00 00 00 00 00 00 00 00 00 00
