00 00 00 00 00 00 00 00 00 00 00 00 00 00 00 00
00 70 59 44 64 49 3C 46 3A 30 40 36 10 1E 16 00
00 56 4C 60 79 46 50 64 3A 26 34 20 04 10 3A 00
00 70 79 8A 8A 56 64 56 2C 30 30 16 0E 14 30 00
00 83 76 74 50 3A 40 36 2A 30 30 20 18 10 34 00
00 60 56 56 41 49 4E 30 2C 40 3A 20 1A 30 46 00
00 5C 69 64 59 60 46 2C 44 44 2C 20 16 2A 34 00
00 74 82 79 56 59 40 34 36 26 1A 10 10 20 16 00
00 5E 60 54 2C 40 26 16 20 34 26 2A 16 1A 10 00
00 3E 59 44 34 40 2A 20 30 2C 20 2A 34 1A 06 00
00 50 74 59 40 46 2A 22 44 34 26 2A 16 10 06 00
00 70 79 46 30 34 1A 24 30 0C 16 1A 00 14 10 00
00 74 66 40 30 32 2A 2A 2C 1E 1A 10 10 10 0C 00
00 60 56 3A 26 44 30 26 3A 16 0C 10 10 14 0E 00
00 56 54 2C 2A 30 1C 2A 30 16 1E 16 10 20 1E 00
00 00 00 00 00 00 00 00 00 00 00 00 00 00 00 00
