00 00 00 00 00 00 00 00 00 00 00 00 00 00 00 00
00 26 20 20 26 3A 30 2C 22 2E 40 38 2C 30 20 00
00 24 10 16 24 16 24 3E 0C 34 30 3E 26 24 16 00
00 30 04 2E 16 12 22 2E 14 28 10 1A 2A 3A 2C 00
00 30 1A 2A 0C 28 34 2C 16 1C 2A 14 0E 16 10 00
00 2A 1E 14 18 34 28 18 16 2C 16 10 06 24 16 00
00 06 0E 26 4C 20 18 2A 2A 1A 0A 1A 06 26 20 00
00 10 0E 38 20 3E 2A 10 0C 18 1E 20 24 22 1E 00
00 2A 16 46 3A 36 10 10 28 10 1A 06 20 1C 24 00
00 1A 10 1A 1A 0C 14 2A 12 14 1A 0E 12 22 0C 00
00 06 14 06 10 1A 1A 3A 34 10 14 10 0A 0C 24 00
00 24 16 10 1A 14 0A 1A 26 1A 0E 22 0E 22 2C 00
00 10 14 02 10 18 10 06 1A 10 20 10 14 0C 3E 00
00 24 0C 2E 24 1E 16 0A 20 16 20 06 10 06 1C 00
00 16 0A 1C 10 0C 1A 0E 0A 1E 26 1A 14 14 20 00
00 00 00 00 00 00 00 00 00 00 00 00 00 00 00 00
