00 00 00 00 00 00 00 00 00 00 00 00 00 00 00 00
00 10 0E 14 14 0A 00 10 10 14 14 0A 0C 22 0C 00
00 0A 1E 1A 04 06 0A 06 06 1A 10 0A 04 04 14 00
00 1A 1A 04 0A 00 06 10 20 24 0C 10 14 0E 04 00
00 10 0A 0E 00 10 1A 1A 1A 06 0C 1A 26 0C 06 00
00 20 2A 1A 10 14 06 06 06 0A 1A 10 2E 1A 00 00
00 00 10 1A 00 10 06 14 06 00 16 24 1A 26 10 00
00 1A 16 1A 10 14 24 10 10 0A 06 1A 10 14 0A 00
00 1A 10 0A 10 24 14 1A 10 0A 06 0C 24 14 0A 00
00 10 10 0A 14 06 1E 1E 20 14 16 1A 1A 16 14 00
00 10 1A 14 06 14 06 14 1A 0A 10 10 0E 14 0A 00
00 0E 10 00 14 16 24 10 06 00 06 24 10 10 00 00
00 0A 14 0A 0A 14 06 0A 0A 06 0A 06 1E 06 00 00
00 04 1A 20 10 00 0A 0A 00 0A 06 10 10 10 00 00
00 0A 10 10 1A 1A 10 10 06 06 0A 10 0E 14 06 00
00 00 00 00 00 00 00 00 00 00 00 00 00 00 00 00
