00 00 00 00 00 00 00 00 00 00 00 00 00 00 00 00
00 9C 96 76 44 32 46 4E 44 20 22 40 2A 0C 14 00
00 60 69 56 34 20 50 3A 12 0C 34 3E 06 14 16 00
00 5E 51 59 26 3E 49 20 04 0A 2A 22 08 1E 20 00
00 5C 69 64 2C 34 36 16 10 12 18 2C 24 16 1E 00
00 50 54 2C 10 14 06 0A 24 14 2A 18 20 1E 0A 00
00 48 48 26 00 10 10 0E 1C 16 20 24 2A 1C 1A 00
00 44 38 2C 20 20 34 1A 20 1E 16 1C 1A 1E 1C 00
00 40 2C 24 3E 24 1C 10 20 0E 16 2E 0A 10 1E 00
00 2C 3A 26 10 32 20 10 16 24 24 10 0A 14 0A 00
00 00 24 1C 1A 0A 2A 26 0C 1A 0A 0E 06 10 10 00
00 28 0C 14 24 1A 0E 2E 10 1A 14 14 10 1A 44 00
00 1A 2A 14 2A 2E 14 24 0E 06 04 10 0C 2E 28 00
00 18 14 1E 28 1A 14 2A 0A 10 14 20 24 14 34 00
00 08 1A 1E 18 24 14 24 1E 0E 14 14 24 34 28 00
00 00 00 00 00 00 00 00 00 00 00 00 00 00 00 00
