00 00 00 00 00 00 00 00 00 00 00 00 00 00 00 00
00 06 06 0A 06 00 00 00 00 10 10 1A 10 0A 10 00
00 14 10 00 0A 00 0C 1A 16 00 0A 00 0A 0A 0C 00
00 0A 14 10 06 06 1E 14 1A 10 0A 10 0A 0A 0A 00
00 1A 1A 0A 00 0A 16 2E 20 10 00 10 06 10 06 00
00 1A 1A 0A 06 04 12 0E 0E 0C 0A 10 00 0A 00 00
00 10 1A 06 0A 0A 06 0A 10 0A 00 06 00 06 00 00
00 0A 0A 0A 00 0A 04 04 0A 0C 0A 10 06 14 06 00
00 0A 0A 0A 0A 00 00 06 0A 0A 00 16 14 10 10 00
00 06 0A 0A 06 00 00 0A 00 0A 0A 20 1A 1A 10 00
00 0A 06 00 00 00 00 06 0A 06 00 16 1E 14 10 00
00 00 0A 06 0A 06 00 00 00 00 00 06 0A 0A 0A 00
00 0A 06 0A 00 0A 00 00 06 0A 06 00 06 14 06 00
00 00 00 06 0A 06 00 00 0A 00 0A 10 14 0C 14 00
00 00 00 00 00 06 0A 06 06 0A 0A 14 08 18 04 00
00 00 00 00 00 00 00 00 00 00 00 00 00 00 00 00
