00 00 00 00 00 00 00 00 00 00 00 00 00 00 00 00
00 0A 0A 0A 10 1A 0A 24 0A 28 10 0A 0A 00 10 00
00 0E 04 0E 06 06 10 16 24 20 0E 0A 06 06 20 00
00 06 06 10 10 0A 10 10 0E 14 0C 0A 06 10 24 00
00 1A 20 24 0C 0A 00 0A 14 06 0A 06 14 1A 10 00
00 10 06 24 0C 1A 20 1A 16 10 0A 0A 0A 06 10 00
00 1A 1A 1A 06 10 10 10 10 10 10 14 10 06 0A 00
00 06 1A 10 0E 14 1A 24 24 24 06 24 20 16 0E 00
00 24 10 1E 06 1A 0A 24 1A 14 24 16 24 1A 0A 00
00 1A 2A 24 20 06 1E 0A 0A 10 2A 26 2A 06 16 00
00 20 10 20 3A 20 06 10 00 1A 20 14 1A 10 1A 00
00 2E 0E 1A 20 1A 20 24 1A 16 24 10 1A 10 16 00
00 16 22 06 16 04 24 14 0A 06 10 1E 14 1A 16 00
00 28 0C 0A 18 04 24 20 16 14 0A 0A 14 10 0A 00
00 1A 20 14 06 0A 0A 00 06 0E 14 10 06 00 10 00
00 00 00 00 00 00 00 00 00 00 00 00 00 00 00 00
