00 00 00 00 00 00 00 00 00 00 00 00 00 00 00 00
00 0A 06 06 14 1A 1A 0A 04 1A 2A 28 1E 0E 10 00
00 14 10 14 1A 14 10 0A 14 12 1A 1E 1E 1A 0A 00
00 14 10 1E 18 14 06 06 14 0E 1A 2A 1A 20 00 00
00 06 1A 26 20 06 0A 00 06 14 04 0C 00 0C 0A 00
00 16 14 1A 0C 14 06 14 0A 06 14 10 0A 0A 06 00
00 10 08 14 0E 06 14 00 14 14 06 06 0A 0E 10 00
00 02 18 0A 0E 06 16 10 06 0A 04 04 24 10 0C 00
00 2A 20 10 0E 06 0A 0A 06 0A 06 0A 1A 1E 0A 00
00 0A 06 10 14 10 0A 0A 10 0A 10 10 04 10 14 00
00 16 1A 16 00 10 10 10 0A 0A 06 0A 06 14 06 00
00 00 00 14 0A 06 16 1A 14 0A 00 06 0A 06 00 00
00 10 10 06 10 24 34 34 2E 10 06 0A 06 10 10 00
00 04 0E 06 0A 0E 06 0A 12 10 0A 06 10 14 06 00
00 0A 0E 10 0E 24 20 20 24 1A 16 14 10 0E 10 00
00 00 00 00 00 00 00 00 00 00 00 00 00 00 00 00
