00 00 00 00 00 00 00 00 00 00 00 00 00 00 00 00
00 2A 1A 14 1A 24 2A 1E 14 26 26 04 1A 28 1A 00
00 16 1A 16 24 1C 3A 06 0E 3A 3A 2E 30 22 16 00
00 24 22 24 1A 10 2A 14 24 54 2A 0A 1A 14 10 00
00 14 34 26 26 14 0C 1E 28 30 16 1A 20 04 1A 00
00 1C 20 34 3A 10 10 1A 20 26 14 16 3E 20 2A 00
00 1A 12 26 3A 14 00 0C 2A 36 26 24 14 34 2E 00
00 26 2E 2E 2C 12 10 2A 2E 28 1E 20 26 50 26 00
00 30 26 06 34 3E 20 1C 16 2C 3A 20 2A 3A 20 00
00 20 2A 0E 16 16 2E 26 14 14 14 24 20 2A 34 00
00 14 1A 1E 2E 1C 30 36 2A 20 30 40 30 26 30 00
00 14 1E 20 12 20 28 1E 1A 12 34 30 1A 10 1A 00
00 0C 20 2A 24 36 1A 14 1E 18 26 1C 10 00 06 00
00 16 3A 30 10 34 10 24 1C 0C 30 28 14 10 04 00
00 2A 34 10 04 1C 28 28 12 28 30 0C 0E 1A 0A 00
00 00 00 00 00 00 00 00 00 00 00 00 00 00 00 00
