00 00 00 00 00 00 00 00 00 00 00 00 00 00 00 00
00 20 36 56 71 32 50 93 74 41 49 36 9A AA 86 00
00 96 44 8A 5E 40 79 82 10 61 3C 04 AE 59 28 00
00 79 3C 68 12 14 5E 49 0E 78 20 48 A3 D8 20 00
00 B8 2A 5C 64 41 60 51 70 56 79 41 51 7E 51 00
00 68 2C 50 36 9E A2 74 46 74 66 1A 48 7E 44 00
00 BA 4E 4C 0A 88 B6 22 41 3E 8A 51 66 83 4C 00
00 8C 66 4E 49 C6 98 24 44 4C 28 6E 5C 8E 78 00
00 59 70 B0 9C AE 4C 26 4E 64 48 86 5C 6C A3 00
00 30 8C 82 82 82 2A 40 12 2C 76 CC 98 30 B3 00
00 60 70 1E 54 1C 2E 28 16 32 3E 68 12 76 64 00
00 64 1C 26 38 7E 32 44 48 0A 34 56 38 41 4E 00
00 0C 5C 3A 7E 71 79 2C 30 51 3A 68 34 1E 38 00
00 1A 3A 60 6C 60 B8 61 56 60 48 4E 4E 66 78 00
00 1C 30 8C B0 B0 96 41 44 1C 66 12 22 2C 38 00
00 00 00 00 00 00 00 00 00 00 00 00 00 00 00 00
