00 00 00 00 00 00 00 00 00 00 00 00 00 00 00 00
00 1A 10 0E 06 04 1A 14 14 10 00 06 06 1A 14 00
00 10 16 14 0E 14 0A 0E 1E 0A 0A 10 14 20 20 00
00 1A 1E 10 0E 0A 08 12 0A 1E 0A 06 18 0E 16 00
00 14 14 06 0E 0A 14 14 24 1A 1A 1A 10 1E 1A 00
00 10 12 2E 1A 12 18 18 2A 0C 10 0C 1E 1A 0A 00
00 14 22 14 24 0A 0E 22 1A 18 14 06 06 20 1A 00
00 1A 06 18 12 1A 14 10 24 1A 04 10 00 06 00 00
00 0A 0A 0A 14 00 0E 0A 20 1A 10 16 0A 14 06 00
00 10 00 10 0C 14 0A 10 24 20 1A 20 14 0A 14 00
00 10 14 10 24 10 0A 10 06 14 0A 10 0A 08 0A 00
00 16 0A 0E 10 14 0A 00 00 06 0A 06 06 1A 1E 00
00 10 06 04 14 16 06 06 10 10 06 06 14 16 14 00
00 14 10 0A 0A 00 06 0E 0E 0E 14 10 10 20 0A 00
00 0C 1A 10 0C 10 1A 14 00 16 1A 20 0A 0A 14 00
00 00 00 00 00 00 00 00 00 00 00 00 00 00 00 00
