00 00 00 00 00 00 00 00 00 00 00 00 00 00 00 00
00 1E 1A 1A 10 0A 10 1A 20 24 24 04 0A 06 10 00
00 1A 2A 16 1A 14 16 16 24 10 24 10 10 06 10 00
00 00 1A 24 24 0A 1E 16 16 06 0C 0A 08 18 0A 00
00 20 2A 0A 1A 20 10 28 24 1A 14 10 0E 14 1E 00
00 0A 1A 1A 10 20 24 0A 16 06 04 06 04 1E 14 00
00 0A 1A 06 14 0E 10 1A 1A 10 14 06 14 0A 1A 00
00 06 10 14 0A 10 0A 14 10 0E 0A 06 06 16 10 00
00 0A 0E 06 18 06 0A 0A 10 10 06 14 10 1A 24 00
00 10 0E 2E 14 1E 06 06 0A 06 10 10 0A 16 24 00
00 1A 10 34 24 10 0A 0A 10 18 08 0A 0A 0A 00 00
00 16 0A 20 0E 06 0C 20 2E 2A 14 0E 14 06 20 00
00 10 10 1A 0A 06 18 1E 16 10 24 10 0C 0A 1E 00
00 06 10 10 0C 24 14 1E 34 1A 10 10 14 10 16 00
00 06 0E 10 10 16 24 10 16 10 10 10 06 06 00 00
00 00 00 00 00 00 00 00 00 00 00 00 00 00 00 00
