00 00 00 00 00 00 00 00 00 00 00 00 00 00 00 00
00 10 06 14 10 10 24 0C 28 10 04 14 14 20 14 00
00 0A 08 14 10 10 0C 28 14 2E 04 1A 0A 1A 14 00
00 00 0A 14 10 24 10 1A 34 24 0E 28 16 10 1E 00
00 06 06 20 2E 26 24 1A 1A 14 18 10 0A 0E 30 00
00 14 1A 1E 0C 10 0C 1E 0A 0A 14 14 14 14 2A 00
00 14 0A 0E 1A 1A 1A 06 1A 20 16 16 1A 10 2A 00
00 2A 0A 06 0C 10 16 1A 1A 10 06 1A 34 16 20 00
00 20 0A 14 1A 1A 34 14 0A 10 0A 14 1A 24 1A 00
00 1A 0A 10 06 24 22 0E 06 10 06 16 0A 10 0A 00
00 10 0A 06 14 20 20 0E 06 0A 10 24 20 16 18 00
00 1A 1A 24 1A 1E 30 2E 24 10 14 10 24 3E 0A 00
00 20 10 0C 24 16 0C 14 1E 24 16 2A 1A 14 2C 00
00 06 14 14 06 14 16 1A 2A 0C 0A 16 10 0A 04 00
00 20 10 1A 06 06 10 14 16 0A 0C 10 14 20 1E 00
00 00 00 00 00 00 00 00 00 00 00 00 00 00 00 00
