00 00 00 00 00 00 00 00 00 00 00 00 00 00 00 00
00 0A 06 14 06 0A 00 06 0A 00 14 06 0A 0A 00 00
00 10 10 06 14 06 00 0A 06 1A 10 06 16 10 06 00
00 06 10 0A 06 00 00 06 0A 16 0A 1A 14 1A 14 00
00 10 10 0A 06 10 10 14 0C 24 10 1A 12 10 18 00
00 0A 14 0A 24 1A 10 24 1E 06 0A 06 04 10 04 00
00 16 10 0E 16 06 24 24 14 0A 00 00 0A 1A 16 00
00 0A 06 10 20 1A 2A 14 16 06 1A 16 10 10 0A 00
00 00 14 00 10 0A 20 14 10 1E 14 10 10 10 00 00
00 0A 06 0A 0A 10 1A 06 1A 1A 14 0C 14 10 1A 00
00 00 00 00 10 24 10 0E 10 1E 04 04 0E 06 10 00
00 10 06 10 1A 10 0A 06 14 0A 0A 14 14 24 10 00
00 10 10 1A 10 06 0C 0A 0C 06 1A 10 0A 1A 0A 00
00 06 14 00 0A 06 1A 10 24 1A 1A 1A 1A 0A 0E 00
00 06 10 0A 06 14 14 18 06 1A 1A 1A 00 1E 06 00
00 00 00 00 00 00 00 00 00 00 00 00 00 00 00 00
