00 00 00 00 00 00 00 00 00 00 00 00 00 00 00 00
00 70 64 04 59 8E 69 83 D2 D2 38 7C B2 08 24 00
00 A2 7C 16 41 28 24 4E 76 D3 A8 80 74 E0 D2 00
00 FF E6 40 3E 34 32 83 EA 74 6E 58 82 56 71 00
00 DE FF B3 26 1C 36 54 CE 78 46 2A 3C 02 2A 00
00 68 FE D6 50 5C 66 44 58 78 4C 2C 60 4C 54 00
00 B2 F8 96 34 5C 90 66 61 30 44 1E 90 D3 78 00
00 FF E0 12 41 40 92 30 51 76 28 8E CC AE 16 00
00 9A 48 51 06 30 49 36 0C 79 41 9A AC 1A 70 00
00 A2 76 49 30 36 16 30 4C 56 14 96 90 1A 1E 00
00 80 56 70 60 06 0C 79 3C 24 49 9E 5E 48 0A 00
00 7E 60 70 8A 36 51 64 36 41 71 44 28 6C 3A 00
00 48 58 8A 83 26 0E 2A 3A 6E 48 28 24 40 4E 00
00 40 69 76 93 46 3A 4E 68 6E 38 14 20 18 38 00
00 88 A6 49 83 46 30 32 1E 5E 3A 32 60 1A 4C 00
00 00 00 00 00 00 00 00 00 00 00 00 00 00 00 00
