00 00 00 00 00 00 00 00 00 00 00 00 00 00 00 00
00 1A 10 10 16 16 1A 16 04 20 20 3E 10 14 10 00
00 1A 00 14 10 14 0A 18 14 20 32 22 24 14 1A 00
00 10 10 10 16 14 1A 0E 10 04 16 14 1A 0A 1A 00
00 16 1A 06 10 1A 1A 06 0A 10 1E 10 24 1A 14 00
00 06 1A 1A 14 14 10 0E 08 14 0A 0A 0A 0A 0A 00
00 06 06 06 0E 04 14 06 0A 1A 1A 06 00 00 06 00
00 1A 1A 10 14 14 10 0E 0A 0A 16 24 0C 00 00 00
00 14 0A 06 10 10 14 0C 16 2A 1E 16 1E 10 06 00
00 24 20 0C 0A 06 06 0A 1E 16 14 1E 08 10 06 00
00 10 1A 14 06 14 10 10 20 3A 20 0C 10 1A 10 00
00 24 14 1A 20 10 10 10 00 16 0A 04 0A 00 10 00
00 10 14 14 10 14 00 1A 10 10 0A 00 0A 0A 10 00
00 14 10 10 10 06 0A 06 1E 06 06 0A 06 06 1A 00
00 0A 06 00 00 00 06 14 10 0A 00 00 00 00 10 00
00 00 00 00 00 00 00 00 00 00 00 00 00 00 00 00
