00 00 00 00 00 00 00 00 00 00 00 00 00 00 00 00
00 1A 14 18 0A 0A 18 14 0A 14 24 06 14 04 20 00
00 16 2A 14 10 10 10 14 24 24 16 14 06 0E 1A 00
00 1A 14 14 06 14 0E 1A 04 10 20 0A 28 10 16 00
00 0E 1E 16 24 16 22 0C 18 12 22 28 0A 34 16 00
00 0E 0A 1E 06 0A 14 14 16 06 20 2E 16 28 0C 00
00 1E 28 10 10 0C 24 04 04 14 0C 16 18 14 20 00
00 30 1A 14 0A 18 14 0E 04 14 06 0A 1A 04 20 00
00 20 06 10 14 0E 14 1E 06 10 10 1A 24 14 1A 00
00 08 14 06 06 0A 14 06 14 0A 10 10 06 16 16 00
00 20 14 10 00 00 06 06 1A 10 16 1A 10 1E 10 00
00 1E 1A 1A 10 10 0A 10 10 1A 16 10 1A 14 06 00
00 04 06 10 10 10 04 16 1A 1A 16 0A 0A 00 10 00
00 04 0A 06 0A 10 10 2E 0A 14 1E 14 06 14 10 00
00 14 0A 14 06 24 0E 1C 24 14 0E 16 1A 06 1A 00
00 00 00 00 00 00 00 00 00 00 00 00 00 00 00 00
