00 00 00 00 00 00 00 00 00 00 00 00 00 00 00 00
00 1E 2C 69 FF 9E 64 E3 93 34 71 32 18 60 2C 00
00 DE 86 CE 6C 9A C3 64 46 20 34 76 BA 3E 3A 00
00 50 9E 64 5E 48 30 18 28 41 56 C0 22 59 04 00
00 1C 34 58 5C 4E 1C 0C 38 26 41 51 5E 26 0E 00
00 3E 28 1C 7E 10 4C 76 41 56 48 AE 4C 60 70 00
00 40 32 3C 51 70 46 3A 1E 30 12 58 49 4E 8E 00
00 90 1A 40 9C 54 3A 69 69 C0 90 1C 56 A6 6C 00
00 68 49 2E 2A 3E 32 71 46 48 93 79 3E 3A 60 00
00 58 36 48 1E 76 78 96 B8 C0 DC 74 18 4C 14 00
00 49 78 64 7C 22 49 70 82 83 49 34 34 26 49 00
00 60 60 2E 51 5E 50 3C 44 38 68 3C 2C 69 4E 00
00 90 82 4C 44 18 2E 36 34 12 4E 22 22 51 2A 00
00 83 A2 7E 5E 3C 5C 76 49 36 68 78 50 74 3C 00
00 46 5E 4C 58 40 20 30 38 51 8E 40 48 4C 41 00
00 00 00 00 00 00 00 00 00 00 00 00 00 00 00 00
