00 00 00 00 00 00 00 00 00 00 00 00 00 00 00 00
00 14 14 0A 0C 18 04 1E 1A 1A 2A 2A 1A 10 16 00
00 1A 1E 10 0A 10 14 0A 0A 0A 16 0E 12 04 0E 00
00 06 06 06 14 26 00 10 00 10 1A 1E 14 1A 06 00
00 0C 14 1A 10 3A 10 16 0A 16 24 1E 18 10 06 00
00 24 0A 0A 04 34 20 20 10 0A 14 1E 0A 0E 0E 00
00 34 04 0C 1E 10 1A 1A 1A 0A 10 10 14 00 10 00
00 06 14 0A 06 0E 0A 0A 14 14 06 14 06 16 12 00
00 2A 04 0C 1E 0C 20 2A 24 0C 28 06 0A 1E 24 00
00 22 1A 10 0A 24 30 2A 26 04 16 1A 14 26 34 00
00 14 2E 2C 14 20 34 20 48 16 38 24 08 1E 10 00
00 20 10 20 14 0C 1C 10 36 12 30 2E 0C 06 0A 00
00 20 24 06 16 1A 18 0A 24 0A 16 24 14 0A 10 00
00 10 00 14 0E 28 0E 18 1C 04 14 06 08 04 00 00
00 10 1A 0A 2E 24 16 0E 10 0A 16 2E 2E 10 06 00
00 00 00 00 00 00 00 00 00 00 00 00 00 00 00 00
