00 00 00 00 00 00 00 00 00 00 00 00 00 00 00 00
00 10 10 1A 14 0A 0C 0A 14 10 24 1A 16 14 0E 00
00 10 14 18 0A 14 04 14 0A 1E 14 0E 0A 0A 0A 00
00 10 14 0A 0E 0A 14 0A 14 18 18 10 0A 10 14 00
00 16 0A 16 10 06 0C 10 14 10 0E 16 10 10 06 00
00 10 0A 14 0A 0A 1A 10 00 0A 14 1A 10 10 10 00
00 06 0A 06 0E 0A 1A 10 1A 10 16 10 16 20 20 00
00 0A 06 0A 14 20 20 34 1A 10 10 14 10 1A 1E 00
00 1A 16 2A 24 1C 10 10 1A 24 0C 0A 0A 10 04 00
00 00 06 14 14 18 18 06 10 06 0A 06 10 10 24 00
00 1A 20 16 1A 14 1E 20 16 20 2C 3E 10 0A 0C 00
00 10 1A 10 10 1E 0E 18 0C 1E 14 1A 22 0A 06 00
00 10 16 2A 1A 14 0A 04 0A 10 14 20 12 00 10 00
00 20 34 2A 06 10 14 14 14 1A 0A 14 14 06 1A 00
00 10 1E 14 16 16 1A 0A 18 18 1A 1E 0E 1A 1A 00
00 00 00 00 00 00 00 00 00 00 00 00 00 00 00 00
