00 00 00 00 00 00 00 00 00 00 00 00 00 00 00 00
00 00 06 0A 06 00 0A 0E 06 08 0E 0A 0E 14 0A 00
00 00 0A 06 0E 0A 0C 14 16 1E 10 16 0E 18 06 00
00 00 06 14 0A 14 10 06 14 0A 0A 06 10 08 14 00
00 0A 06 06 0E 14 10 00 06 10 0C 20 1E 18 10 00
00 10 14 06 0A 0A 0E 06 00 16 1E 24 10 24 04 00
00 06 06 0A 06 14 06 0A 0A 14 22 2C 24 0A 14 00
00 06 0A 06 06 0A 0A 0A 06 20 26 1C 14 12 0A 00
00 14 06 0A 16 14 14 0C 10 30 1A 20 1A 14 24 00
00 06 0A 06 1A 14 1A 14 10 16 1E 0C 0C 0A 10 00
00 16 06 0A 06 14 0A 06 1A 0A 0A 10 10 0A 06 00
00 1E 10 06 0A 14 0C 10 14 14 10 1A 10 00 06 00
00 14 18 16 0E 00 0A 16 18 14 10 10 06 00 10 00
00 24 14 1E 0E 14 0C 24 10 1A 00 00 00 00 10 00
00 16 2A 14 14 10 00 0C 24 16 06 00 00 00 10 00
00 00 00 00 00 00 00 00 00 00 00 00 00 00 00 00
