00 00 00 00 00 00 00 00 00 00 00 00 00 00 00 00
00 1A 1A 10 00 00 00 10 24 10 24 0A 0A 0A 14 00
00 10 0A 0A 16 1A 16 0A 2E 20 16 1A 1A 1A 0A 00
00 06 1A 1A 1A 10 1A 28 04 1A 10 14 0A 10 06 00
00 0A 10 06 1A 20 24 16 2C 16 00 0A 14 06 0A 00
00 06 10 0A 10 14 10 28 1A 14 10 0A 0A 06 06 00
00 10 20 16 2A 26 2E 06 24 10 00 10 0A 10 0A 00
00 06 1A 10 06 0A 04 1E 16 06 06 1A 1A 18 10 00
00 18 04 18 16 16 1E 06 1A 1A 10 0A 1E 1E 1A 00
00 14 00 14 14 0C 1A 14 0C 1A 20 16 1A 1A 10 00
00 0C 14 0C 06 14 1A 1A 1A 10 10 0A 06 10 1A 00
00 0A 06 00 00 0C 2E 04 16 10 10 06 00 06 1A 00
00 06 14 10 10 1A 14 14 10 0A 00 00 00 10 1A 00
00 14 1E 20 0A 14 0E 10 06 1A 16 06 10 0E 1E 00
00 20 0A 24 1E 10 1A 14 10 0C 28 16 20 28 10 00
00 00 00 00 00 00 00 00 00 00 00 00 00 00 00 00
