00 00 00 00 00 00 00 00 00 00 00 00 00 00 00 00
00 1E 0E 14 14 06 16 1A 10 0A 10 00 00 06 0A 00
00 16 10 20 00 0A 1E 16 24 06 10 00 00 0A 10 00
00 1A 1A 16 14 0A 12 1A 1C 1E 10 00 06 0A 20 00
00 0A 14 10 0C 18 26 18 0E 10 0A 0A 14 06 24 00
00 20 1E 02 0E 0E 18 24 20 1A 20 1A 16 1E 04 00
00 00 1A 1A 16 0A 14 1E 0C 10 10 16 10 00 20 00
00 14 10 14 20 1A 20 1A 06 16 14 16 10 0E 1E 00
00 10 1A 20 0A 24 26 0E 2A 2E 06 24 10 10 1E 00
00 14 1A 24 1E 00 14 1E 2E 04 1E 10 10 14 0A 00
00 10 0C 16 30 30 1C 2E 0A 1A 0C 06 10 14 0E 00
00 10 20 2A 2A 3A 0C 0C 1E 10 10 10 10 10 06 00
00 10 20 2A 1A 30 2A 2E 10 1E 0A 10 10 10 00 00
00 0A 06 1A 2A 26 26 20 1E 14 10 1A 10 10 00 00
00 10 1A 10 16 1A 30 00 1A 00 10 1A 06 10 00 00
00 00 00 00 00 00 00 00 00 00 00 00 00 00 00 00
