00 00 00 00 00 00 00 00 00 00 00 00 00 00 00 00
00 0A 1A 0A 0A 0A 14 14 0C 06 08 0E 14 34 2A 00
00 10 0C 06 1A 06 10 1A 20 1A 1A 06 10 1A 20 00
00 10 14 0A 1A 04 1A 06 10 10 10 00 06 10 10 00
00 20 10 08 16 1E 20 1A 0C 14 0A 06 00 10 10 00
00 16 0A 1A 24 00 1A 10 1A 20 10 14 06 10 06 00
00 14 10 1E 1E 2A 1E 10 10 10 14 1A 14 16 14 00
00 0C 1E 0A 1E 10 0E 0A 1A 0A 08 1A 24 26 0A 00
00 14 10 24 06 0A 06 18 10 0A 10 1A 06 24 1A 00
00 20 1A 16 1A 16 14 0A 04 06 14 16 06 16 20 00
00 10 06 0A 06 0A 0E 0C 14 10 0A 14 10 0A 10 00
00 06 0A 0C 14 0A 14 1A 0A 06 0A 06 1A 20 1A 00
00 04 16 18 0A 0E 14 1A 00 10 10 1A 10 0E 0E 00
00 14 1E 14 1E 14 0A 04 0A 10 0A 10 24 0A 10 00
00 12 10 02 22 20 24 0A 10 16 16 10 16 14 12 00
00 00 00 00 00 00 00 00 00 00 00 00 00 00 00 00
