00 00 00 00 00 00 00 00 00 00 00 00 00 00 00 00
00 06 1A 10 06 06 14 1A 14 0A 10 2A 10 14 14 00
00 2A 1A 14 06 0A 0A 06 10 0E 06 16 10 12 10 00
00 24 14 14 0A 06 06 14 06 0A 0E 14 14 14 0A 00
00 1C 1E 0A 0A 0E 06 06 0A 00 1A 1E 1A 04 00 00
00 1E 06 04 10 0E 10 00 00 0A 1A 1E 14 0E 06 00
00 06 14 10 1E 0E 10 06 0A 14 14 14 14 0A 14 00
00 0E 10 14 10 0A 10 0A 0A 10 14 10 10 10 14 00
00 1E 24 14 0A 04 0A 0A 0A 0A 16 10 00 14 0A 00
00 10 0A 0A 14 14 10 06 00 10 20 24 16 10 0A 00
00 1A 14 10 10 10 00 00 06 1A 1A 16 1A 06 14 00
00 1A 04 10 10 1A 10 10 14 10 0C 1E 14 1A 14 00
00 10 1A 0A 0A 0A 04 16 1E 10 0A 0C 1A 16 06 00
00 0A 1A 10 1A 1A 10 24 0A 14 14 10 06 06 10 00
00 10 10 0C 20 0A 24 20 0A 16 1A 10 10 14 1A 00
00 00 00 00 00 00 00 00 00 00 00 00 00 00 00 00
