00 00 00 00 00 00 00 00 00 00 00 00 00 00 00 00
00 24 24 10 16 22 2C 3A 24 10 06 20 38 16 0A 00
00 20 10 30 24 2A 28 10 30 2E 2E 2A 0C 1E 10 00
00 16 34 34 12 34 0A 10 06 10 22 30 41 0C 26 00
00 18 1A 02 00 1A 16 14 10 0A 24 04 20 1A 34 00
00 30 00 22 08 1E 22 08 08 12 1C 10 28 0A 2A 00
00 1E 41 1A 10 1E 10 0C 04 18 16 1A 12 18 14 00
00 3A 1C 32 28 14 28 1A 18 18 26 20 24 10 28 00
00 2A 0E 2C 26 28 0A 1E 2A 06 1A 06 1A 2A 0C 00
00 32 1A 34 2A 12 18 14 14 08 24 0C 10 30 14 00
00 16 0E 26 40 34 0C 20 14 08 14 24 16 24 08 00
00 12 10 24 0A 38 26 2A 0E 1C 2C 16 2A 0E 22 00
00 1E 34 1A 18 18 2E 1C 0A 38 0A 0E 3A 28 16 00
00 10 2A 2A 2A 2A 1E 32 02 30 1A 0A 16 0A 06 00
00 16 1A 16 10 3A 10 1E 2A 30 24 1A 2A 18 36 00
00 00 00 00 00 00 00 00 00 00 00 00 00 00 00 00
