00 00 00 00 00 00 00 00 00 00 00 00 00 00 00 00
00 26 04 0A 24 10 06 10 16 1A 10 00 0A 0A 10 00
00 34 06 16 34 0C 14 10 06 06 1A 1A 10 06 1A 00
00 20 1E 22 14 06 04 0A 0A 1E 16 10 1A 1A 1A 00
00 30 36 20 0C 08 18 06 1E 10 06 0A 06 10 16 00
00 24 26 1A 10 14 06 28 0C 06 0A 06 06 0A 10 00
00 06 2A 20 24 16 10 12 0A 0A 06 10 1A 10 16 00
00 10 20 0C 10 10 14 22 0A 0A 0A 14 0C 0A 0A 00
00 1A 1A 10 0A 04 16 16 0E 0A 14 0A 2E 06 0E 00
00 16 16 20 1A 1A 28 10 10 10 1A 24 20 18 1A 00
00 0A 06 14 10 1A 1C 1A 0A 0C 14 16 06 0C 26 00
00 22 34 20 16 20 30 2A 0C 24 16 24 06 1A 2E 00
00 2A 24 16 10 26 34 10 10 20 10 16 0A 20 16 00
00 2A 24 0A 20 2E 16 14 1A 1A 10 10 04 1A 10 00
00 1C 10 0E 1A 16 20 10 1A 1A 10 10 0E 1A 16 00
00 00 00 00 00 00 00 00 00 00 00 00 00 00 00 00
