00 00 00 00 00 00 00 00 00 00 00 00 00 00 00 00
00 2E 1A 10 10 10 10 14 10 10 1E 10 14 10 0A 00
00 34 10 06 14 10 1A 06 1A 0A 06 06 10 06 00 00
00 24 14 04 0A 20 20 06 1A 0C 1E 0C 0A 16 1A 00
00 10 14 04 14 0A 1A 28 10 00 06 14 04 1A 14 00
00 10 10 0A 10 0A 14 0E 0E 06 14 06 0E 16 06 00
00 10 06 0A 06 06 1A 1A 06 00 06 0A 0E 0A 14 00
00 0C 0A 06 0A 04 14 0E 10 06 10 1A 0C 14 16 00
00 0A 06 24 10 1E 20 14 1A 10 0A 10 14 00 14 00
00 16 1A 16 14 16 14 0E 06 10 10 10 0C 14 0C 00
00 0A 10 10 10 14 0A 0A 10 06 06 0A 14 06 14 00
00 0E 10 06 0A 16 14 10 0A 06 14 10 1A 1A 06 00
00 10 06 0A 10 20 14 18 06 10 0A 2A 1A 1C 14 00
00 04 0E 0E 0A 06 1E 0E 10 10 00 2A 06 24 10 00
00 1A 06 06 14 10 10 10 14 20 06 26 1A 20 00 00
00 00 00 00 00 00 00 00 00 00 00 00 00 00 00 00
