00 00 00 00 00 00 00 00 00 00 00 00 00 00 00 00
00 2A 16 1E 0A 20 24 0C 0C 0A 1C 14 16 14 10 00
00 12 00 16 24 2E 06 1A 14 06 1A 00 10 06 14 00
00 22 06 16 20 18 24 1A 0A 1A 14 1A 26 1A 04 00
00 0C 10 14 10 18 1A 10 14 0C 0E 22 0E 18 1A 00
00 18 10 1A 2A 2E 0A 20 06 1E 2A 10 0A 18 0C 00
00 14 14 20 1A 2A 0E 20 0A 0E 06 0E 0E 12 10 00
00 1A 10 10 10 1A 0E 10 04 18 16 14 16 0E 14 00
00 08 14 10 0C 1A 10 06 0A 06 14 06 10 06 1A 00
00 06 0A 14 10 00 0A 06 0A 0A 00 10 14 0A 10 00
00 0E 0E 00 14 0A 0C 14 06 1A 1A 10 14 14 06 00
00 06 06 0E 0A 10 0E 0A 0A 16 1A 16 16 14 06 00
00 10 10 0A 0A 06 0A 1A 1A 20 1A 10 14 06 0A 00
00 06 14 0A 0A 06 06 10 06 06 0A 0A 10 10 0A 00
00 10 10 10 00 10 14 16 14 06 10 14 06 0A 06 00
00 00 00 00 00 00 00 00 00 00 00 00 00 00 00 00
