00 00 00 00 00 00 00 00 00 00 00 00 00 00 00 00
00 20 1A 16 06 14 06 04 06 10 0C 06 10 10 06 00
00 06 0A 06 00 06 0A 0E 06 0A 10 10 1A 06 06 00
00 06 0A 06 10 10 10 06 14 06 10 0A 20 14 10 00
00 14 10 12 18 14 0A 0A 06 00 10 04 1A 04 10 00
00 14 10 18 1E 1E 0A 06 0A 06 10 0E 1A 14 10 00
00 10 0A 12 20 1C 10 10 0A 04 10 00 0A 0A 06 00
00 14 0A 0A 0A 0A 00 06 0A 14 0A 14 06 06 24 00
00 10 16 0A 0A 06 14 0C 06 16 0E 06 0A 14 16 00
00 0A 14 04 0A 14 00 14 14 0A 14 0A 14 0A 14 00
00 1E 10 14 0A 04 0A 04 06 0E 06 1A 1A 10 1E 00
00 0E 12 10 24 0C 00 04 06 0E 06 10 1A 24 0C 00
00 0A 06 1E 0A 14 00 10 1E 10 0A 0A 0A 04 14 00
00 1A 16 26 2E 02 06 10 10 1A 06 06 0A 06 0A 00
00 14 16 10 1E 1A 0A 06 0A 06 06 0A 06 00 06 00
00 00 00 00 00 00 00 00 00 00 00 00 00 00 00 00
