00 00 00 00 00 00 00 00 00 00 00 00 00 00 00 00
00 3C 5E 64 40 0C 1A 14 06 2A 46 8A FF FF FF 00
00 50 51 51 58 41 04 18 10 1E 30 2C 56 C8 FF 00
00 61 68 50 50 58 2A 0A 18 1A 14 10 16 4C 7C 00
00 6C 4C 59 60 6E 44 16 10 32 2A 16 1E 24 2C 00
00 86 48 44 41 50 50 44 0A 14 1A 0A 0A 12 1A 00
00 4C 4E 49 64 4C 40 40 1E 18 14 14 1E 2E 3A 00
00 36 44 3E 59 59 54 41 48 26 30 51 40 22 36 00
00 60 5C 49 49 56 69 56 28 38 30 14 2E 10 30 00
00 64 74 69 58 59 70 88 3C 1C 10 0E 20 26 3E 00
00 32 49 56 44 2C 3C 61 64 4E 20 16 2E 2A 26 00
00 16 28 59 46 46 0C 2E 50 41 5C 18 24 0E 38 00
00 14 0C 58 60 4C 3A 3A 44 1C 26 1E 0A 14 0C 00
00 20 12 34 50 44 30 22 4E 36 34 16 18 14 14 00
00 30 24 1A 38 3C 44 30 46 7C 40 08 0A 24 10 00
00 00 00 00 00 00 00 00 00 00 00 00 00 00 00 00
