00 00 00 00 00 00 00 00 00 00 00 00 00 00 00 00
00 16 1A 1E 0A 0E 24 14 14 06 10 0A 24 20 1A 00
00 0E 0A 02 18 18 06 14 0A 04 04 22 18 0A 06 00
00 0A 14 10 1A 0A 14 04 04 0A 1A 0A 12 10 06 00
00 06 0A 1E 0E 1E 1A 14 14 10 1E 0E 0E 10 0A 00
00 00 00 16 10 1A 1E 14 1A 14 10 00 0A 0A 0A 00
00 10 06 1A 0C 1A 26 2A 10 18 10 0A 00 00 06 00
00 14 06 1A 16 1A 20 1A 1E 0C 16 16 10 10 1A 00
00 0A 0A 10 10 0A 0C 24 16 0A 1A 14 14 14 06 00
00 10 1A 10 10 06 24 1A 14 16 1A 10 10 10 10 00
00 14 16 10 10 06 20 20 26 24 06 06 0A 06 10 00
00 06 10 14 06 06 24 10 2E 14 10 0A 06 0A 10 00
00 00 06 10 1A 14 1C 14 24 10 10 06 14 0C 2E 00
00 06 0A 06 1A 10 10 0A 10 10 0A 06 06 1E 10 00
00 14 06 10 20 2A 10 10 0A 1A 06 14 0A 06 18 00
00 00 00 00 00 00 00 00 00 00 00 00 00 00 00 00
