00 00 00 00 00 00 00 00 00 00 00 00 00 00 00 00
00 24 1A 1A 16 2A 10 0E 14 0E 18 0A 1E 0A 1A 00
00 06 2E 0C 06 24 34 1C 12 18 18 1A 20 0A 1A 00
00 24 1A 10 14 0A 20 2E 1E 10 1E 14 1E 24 10 00
00 2A 06 1A 0A 14 0C 20 0C 2E 12 24 1E 0A 1A 00
00 34 14 06 14 0C 14 24 10 10 00 0C 16 14 0C 00
00 34 2A 10 0A 06 10 2A 10 10 10 20 18 0A 14 00
00 1A 20 06 06 14 14 1E 10 06 10 1A 14 1E 0A 00
00 1A 10 14 0A 14 14 04 0A 06 1A 20 1A 10 06 00
00 10 14 0A 14 10 20 16 10 06 06 1A 1C 24 16 00
00 0A 14 0E 10 10 0E 10 0E 0E 06 06 1E 06 14 00
00 14 04 18 06 10 14 24 1E 0A 24 16 0A 14 0A 00
00 14 0A 00 14 0C 04 1A 10 18 10 1E 0A 10 14 00
00 0A 14 14 0C 14 10 00 0A 0C 1A 16 0A 14 0A 00
00 1A 10 18 08 06 10 10 16 10 10 06 14 16 0A 00
00 00 00 00 00 00 00 00 00 00 00 00 00 00 00 00
