00 00 00 00 00 00 00 00 00 00 00 00 00 00 00 00
00 1A 0A 06 0A 0A 16 1A 10 16 24 0E 10 08 08 00
00 0A 1A 04 0A 10 1A 06 0A 06 0A 0E 0E 14 14 00
00 24 24 24 10 16 20 22 04 10 00 06 0A 20 18 00
00 10 14 16 2A 2A 2E 34 20 14 04 04 04 08 1A 00
00 16 14 08 28 16 14 24 1A 0C 0A 06 10 20 28 00
00 0A 0A 10 10 2A 2A 16 0A 1A 10 24 1A 20 0A 00
00 1A 1A 16 14 0A 0A 0E 0A 14 0A 06 10 20 0E 00
00 1A 0E 16 10 24 2A 1A 1E 10 2A 20 1A 1A 0A 00
00 24 0A 10 1A 10 16 0E 0A 1E 1A 14 0A 10 10 00
00 20 0C 10 20 10 16 0A 10 02 10 1E 10 0A 06 00
00 2A 0E 0A 16 14 1A 06 14 14 0A 06 10 06 10 00
00 16 14 10 1A 20 1C 10 20 2A 20 10 1A 10 1A 00
00 16 06 2E 16 14 0E 24 2E 10 2E 18 0A 06 10 00
00 24 24 0A 24 30 30 34 06 1A 26 0C 20 34 14 00
00 00 00 00 00 00 00 00 00 00 00 00 00 00 00 00
