00 00 00 00 00 00 00 00 00 00 00 00 00 00 00 00
00 14 06 12 18 0C 16 1A 1A 10 0A 10 24 2A 0C 00
00 04 1E 1A 20 24 1A 16 1E 18 10 14 1A 14 24 00
00 1A 1A 26 38 16 1A 0A 10 1A 1E 16 06 24 28 00
00 0E 14 10 1A 20 18 24 2A 3A 16 3A 24 1A 08 00
00 10 16 0A 10 20 1A 24 0C 20 10 30 14 0E 10 00
00 14 0A 1E 20 28 22 30 3E 30 20 30 24 0C 24 00
00 10 1E 0C 2A 1A 18 0C 16 10 16 20 10 0C 34 00
00 16 0E 2E 1C 2E 08 10 14 06 10 10 00 0A 0C 00
00 2E 24 2A 14 20 06 06 0C 20 24 0A 10 10 06 00
00 10 1E 24 10 10 1E 1A 24 2A 0A 28 1A 10 1A 00
00 20 2A 10 0E 10 18 10 1A 14 28 10 14 14 06 00
00 2E 10 14 04 1A 1A 1E 16 18 04 1A 26 24 12 00
00 20 10 16 0A 16 2E 18 24 0A 06 1A 24 14 14 00
00 04 0A 0A 0A 1A 0A 18 14 0C 00 06 20 24 26 00
00 00 00 00 00 00 00 00 00 00 00 00 00 00 00 00
