00 00 00 00 00 00 00 00 00 00 00 00 00 00 00 00
00 10 0E 00 1E 24 18 1A 1A 20 0C 10 14 04 1E 00
00 1A 0A 1A 0A 1A 10 0A 06 10 10 10 16 0A 10 00
00 2A 1A 16 14 0C 1E 0C 0A 16 14 10 10 0A 0A 00
00 06 14 0A 00 14 06 0A 00 10 1A 1A 06 00 06 00
00 0A 10 00 0A 06 0A 06 06 14 10 0A 06 0A 06 00
00 06 0A 0A 06 00 00 00 0A 10 14 0C 14 06 00 00
00 0A 06 14 06 06 0A 06 0A 0A 0A 14 00 14 06 00
00 0A 1A 10 10 0A 00 0A 06 00 16 10 24 06 0A 00
00 00 1A 10 0A 10 10 0A 10 00 1A 1E 16 14 0C 00
00 10 06 0A 18 16 24 10 16 0A 04 10 10 06 10 00
00 16 0A 0E 0E 0A 0C 14 10 00 06 0A 06 0A 10 00
00 1A 06 08 18 1C 24 10 06 00 00 00 00 06 10 00
00 10 14 06 06 1E 06 0A 10 10 06 00 00 10 1A 00
00 0A 00 0A 0A 06 14 0A 0A 14 0A 00 00 10 24 00
00 00 00 00 00 00 00 00 00 00 00 00 00 00 00 00
