00 00 00 00 00 00 00 00 00 00 00 00 00 00 00 00
00 B6 FF FF 22 8C 79 50 DE AC 28 32 82 61 D8 00
00 FF 2A FF FF 90 6E BA 22 DA 60 49 28 D2 4E 00
00 51 FF FF 30 FF FF 49 93 48 5E 46 16 44 B3 00
00 AE 56 78 FF C6 DE 9E 5C 76 49 51 22 34 12 00
00 24 5E 61 56 FF 96 3A 46 88 58 34 1C 26 14 00
00 34 34 80 8A 61 22 12 41 30 90 40 28 32 10 00
00 76 9C AA C0 9E 59 68 2E 18 3A 1A 32 18 3A 00
00 58 3E 54 36 44 61 2E 2E 44 4C 2E 60 8A 6C 00
00 AC 7E 93 C0 B3 B0 74 60 34 34 96 64 4E 34 00
00 76 3A 26 41 54 30 1A 3E 93 69 56 48 68 14 00
00 1E 40 64 68 93 6E 68 69 61 A0 71 BC 3E 46 00
00 56 60 6E 4C 24 40 24 51 CC 26 83 2E 12 46 00
00 38 1C 74 3C 30 34 26 9A 74 41 49 5E 2C 30 00
00 22 2E 3E 38 6E 60 80 C8 48 51 18 3C 36 34 00
00 00 00 00 00 00 00 00 00 00 00 00 00 00 00 00
