00 00 00 00 00 00 00 00 00 00 00 00 00 00 00 00
00 38 10 20 1A 0C 0C 22 10 18 1A 1C 1A 12 10 00
00 0E 0A 14 0A 0E 06 1A 3A 38 0C 24 0A 1E 06 00
00 0C 1A 14 0A 04 00 10 24 14 18 14 3A 34 1C 00
00 04 14 0A 14 14 10 16 26 38 2A 20 4C 16 2E 00
00 0A 10 0A 10 24 16 16 24 06 20 1A 12 41 1C 00
00 10 10 00 0E 14 20 24 26 2E 26 20 2A 2A 10 00
00 06 00 0A 10 14 00 04 1E 0A 1C 1A 10 0A 1A 00
00 0E 06 06 10 00 14 1E 10 00 1A 14 18 0A 06 00
00 0E 10 16 24 1A 1E 14 18 0C 0A 1E 0C 10 0A 00
00 14 10 1A 10 14 12 14 10 14 06 06 0A 0A 10 00
00 10 06 2A 10 20 0E 1E 1A 10 10 0A 0A 0A 14 00
00 10 1A 10 14 10 10 16 10 1A 0A 14 0A 10 10 00
00 10 1A 0C 06 26 2A 26 10 10 14 0A 0E 06 06 00
00 0A 0A 0E 20 3E 30 44 10 00 04 1E 06 0A 20 00
00 00 00 00 00 00 00 00 00 00 00 00 00 00 00 00
