00 00 00 00 00 00 00 00 00 00 00 00 00 00 00 00
00 20 48 24 10 20 26 2A 5C 69 2A 2C 50 1C 34 00
00 34 26 30 30 2A 34 30 54 56 16 3E 56 3A 20 00
00 06 16 1E 24 26 36 49 56 54 1E 56 69 50 50 00
00 06 28 1C 14 2E 49 60 60 5E 14 49 46 1C 54 00
00 24 10 28 04 14 36 6E 78 3C 3A 69 59 10 4E 00
00 20 34 16 06 14 3A 69 70 40 59 69 40 30 46 00
00 0A 24 10 24 10 50 69 5C 1A 46 5C 3A 5C 74 00
00 10 24 04 16 34 74 70 70 2A 64 59 24 50 60 00
00 24 0A 30 30 54 60 50 50 10 60 59 2E 49 61 00
00 1A 1E 3A 2A 3C 56 5C 66 20 5C 38 14 32 86 00
00 10 2A 26 10 30 59 70 83 49 76 3E 0C 50 A8 00
00 2A 30 30 34 41 50 54 40 49 8E 26 3E 76 98 00
00 14 2E 2C 3A 59 59 4C 49 6E 7C 0A 40 70 70 00
00 14 0E 24 30 4C 59 50 22 78 66 1A 4E 79 5E 00
00 00 00 00 00 00 00 00 00 00 00 00 00 00 00 00
