00 00 00 00 00 00 00 00 00 00 00 00 00 00 00 00
00 3E 2A 44 32 2C 24 36 1A 20 2A 34 A0 FF C2 00
00 30 18 0C 41 3A 1A 32 5C 46 50 1C A0 F0 C3 00
00 64 30 3A 38 3A 14 50 56 54 60 14 A3 E6 AC 00
00 74 3E 78 8A 66 44 60 51 36 64 10 B3 FF C3 00
00 50 7E 66 96 83 48 68 1E 49 59 1E AE FF 9C 00
00 71 74 22 74 66 48 41 30 69 6C 6E D3 FF A3 00
00 51 C6 64 69 3A 24 3A 30 59 69 86 CA FF B6 00
00 10 71 64 3A 2A 0A 26 26 18 36 59 90 D0 9C 00
00 0A 56 58 0E 34 41 49 44 2E 22 46 80 A2 64 00
00 04 40 50 34 22 20 34 08 18 30 54 79 78 60 00
00 14 56 68 40 16 10 24 2E 1A 56 50 8A 9A 6C 00
00 38 12 7C 48 18 4C 36 49 60 3E 9C A6 AA 36 00
00 1C 34 68 56 40 48 04 1E 74 48 5E AE 96 34 00
00 68 0C 59 8E 54 32 16 1C 2A 4C 74 AA 8A 26 00
00 00 00 00 00 00 00 00 00 00 00 00 00 00 00 00
