00 00 00 00 00 00 00 00 00 00 00 00 00 00 00 00
00 06 0A 16 1A 0E 0A 10 00 0A 06 04 14 0C 0A 00
00 06 00 10 0C 06 0A 0A 0A 00 06 1A 10 06 06 00
00 1A 1A 1A 20 24 10 00 10 04 0E 16 0A 10 14 00
00 1A 20 24 14 16 0A 14 14 06 0E 20 10 2A 12 00
00 3A 20 1E 10 1A 10 1A 0E 1A 18 10 14 28 20 00
00 2A 2A 04 0A 10 16 1E 10 24 10 1A 34 1E 22 00
00 2A 26 0A 14 10 10 0A 14 10 1A 10 0A 28 28 00
00 20 20 06 1A 1A 06 00 10 14 1A 1E 0A 10 30 00
00 2A 20 10 10 14 10 06 10 0A 10 10 0E 10 00 00
00 1A 1A 0A 0E 0A 0A 0A 04 0E 14 0C 06 10 1A 00
00 06 24 10 0A 10 16 14 14 10 1E 1A 06 14 06 00
00 06 1A 14 00 0A 10 0A 0E 18 1A 20 10 10 06 00
00 10 1A 06 16 14 1C 1A 20 16 06 06 06 14 04 00
00 24 10 00 1A 14 16 14 10 06 14 0A 00 10 06 00
00 00 00 00 00 00 00 00 00 00 00 00 00 00 00 00
