00 00 00 00 00 00 00 00 00 00 00 00 00 00 00 00
00 24 10 06 1E 0E 16 0A 0E 10 2A 2A 16 1A 16 00
00 14 2A 24 10 1E 26 2E 20 1A 00 24 0C 10 0A 00
00 2E 04 0A 14 16 1A 06 10 06 1E 1A 0A 10 14 00
00 1E 10 24 0C 20 14 20 24 16 0E 0A 0E 10 06 00
00 10 0E 10 06 24 1E 2E 14 24 06 0A 06 10 1A 00
00 16 1A 06 0A 02 0A 12 0A 2A 2A 06 00 00 06 00
00 14 14 24 10 2A 24 20 14 06 1A 0A 0A 10 1A 00
00 0A 2E 1A 20 34 1A 2A 06 20 2A 10 10 1E 16 00
00 20 20 2E 20 0C 14 0C 00 1A 10 10 10 16 1E 00
00 20 10 1A 10 00 00 00 00 16 24 10 06 14 10 00
00 10 1E 1A 10 00 00 06 0A 0C 1A 14 0E 06 10 00
00 24 0E 16 10 20 20 20 10 1A 10 10 16 28 16 00
00 10 0E 0A 14 16 1E 26 10 1C 1A 16 2A 1A 2E 00
00 00 06 14 16 48 2A 34 16 1A 0A 06 16 1A 20 00
00 00 00 00 00 00 00 00 00 00 00 00 00 00 00 00
