00 00 00 00 00 00 00 00 00 00 00 00 00 00 00 00
00 06 06 14 06 00 00 00 0A 14 00 14 06 1A 10 00
00 1A 1A 10 14 06 00 00 06 16 10 16 10 10 06 00
00 1E 1E 1E 10 0A 06 10 10 0A 06 0E 1A 0A 10 00
00 10 20 1A 0A 06 0A 0A 14 0A 14 0A 2A 14 1A 00
00 0A 14 06 00 00 06 14 10 0A 06 14 24 16 24 00
00 1A 0C 0A 06 10 10 00 0A 00 10 16 30 2E 16 00
00 0A 00 06 24 14 10 0A 00 0A 0A 10 0A 08 0E 00
00 10 06 0A 16 1E 1A 06 00 06 0E 0A 0A 18 16 00
00 00 0A 06 06 06 04 00 00 00 04 04 14 1E 10 00
00 10 0A 14 10 14 0A 00 00 00 10 1E 10 10 10 00
00 0A 10 14 0A 10 06 00 00 06 1A 0C 10 0A 06 00
00 06 1A 06 0A 00 00 00 00 0A 14 18 0A 10 1A 00
00 14 10 14 06 06 10 10 06 10 14 0E 14 0E 0A 00
00 0A 00 10 06 0A 0A 0A 0A 10 00 10 10 06 00 00
00 00 00 00 00 00 00 00 00 00 00 00 00 00 00 00
