00 00 00 00 00 00 00 00 00 00 00 00 00 00 00 00
00 28 0E 14 3C 1C 24 12 2E 20 14 08 1A 26 18 00
00 20 2A 26 16 18 10 26 2A 16 34 2E 0C 18 1A 00
00 10 14 0A 1E 06 28 48 1A 26 2E 2A 20 20 20 00
00 32 16 14 10 1A 34 34 34 24 14 14 18 1C 20 00
00 04 14 02 06 0E 14 18 24 1A 32 14 04 1A 24 00
00 18 0C 14 14 0A 14 0C 2E 2E 0A 28 18 0A 1A 00
00 14 16 20 08 0A 0C 34 24 2C 1E 22 18 0C 10 00
00 16 1A 08 2C 06 24 24 14 14 14 18 08 10 0A 00
00 14 0E 32 16 1E 10 16 2E 20 10 10 0E 16 1A 00
00 10 24 14 10 1A 20 34 2A 40 1A 0C 1A 16 1A 00
00 1E 1A 14 24 1E 02 1A 10 30 24 24 1A 0A 14 00
00 20 2E 08 04 10 14 16 22 20 02 1E 14 14 16 00
00 28 10 28 1C 2C 22 10 2E 24 2E 24 1A 0E 14 00
00 26 1A 12 1A 0E 28 1A 20 0A 10 28 22 1A 12 00
00 00 00 00 00 00 00 00 00 00 00 00 00 00 00 00
