00 00 00 00 00 00 00 00 00 00 00 00 00 00 00 00
00 30 26 38 2A 36 2A 1A 2A 34 14 30 2E 0E 14 00
00 3C 20 26 48 30 20 0A 1A 30 16 1A 24 20 0E 00
00 36 24 20 2C 30 2A 0E 10 26 24 20 12 16 1E 00
00 49 26 16 34 30 44 1C 20 36 1C 2A 24 30 26 00
00 3A 3E 1C 26 1C 30 24 14 2A 20 34 20 34 24 00
00 1C 26 24 2A 20 26 36 3E 26 20 26 16 16 2A 00
00 3A 30 1C 26 20 2E 34 22 26 2A 30 24 20 2A 00
00 2C 3A 34 3A 20 26 30 2E 24 06 1C 20 20 1C 00
00 60 5E 26 26 1C 28 2E 28 26 24 26 1A 2A 34 00
00 4E 2A 0E 26 24 0C 1C 38 0A 1A 26 1A 22 30 00
00 3A 24 24 30 26 24 2E 1C 0E 16 2A 16 24 1A 00
00 3E 1C 30 2A 1E 26 30 20 16 24 22 44 44 16 00
00 30 48 3E 12 16 1A 34 30 2A 10 20 3A 16 0A 00
00 2E 1C 40 48 18 10 2C 30 26 2E 30 36 24 10 00
00 00 00 00 00 00 00 00 00 00 00 00 00 00 00 00
