00 00 00 00 00 00 00 00 00 00 00 00 00 00 00 00
00 1A 06 0A 1A 10 0A 10 14 1A 1A 16 14 10 0A 00
00 06 10 10 08 28 22 20 14 10 14 06 10 0A 1A 00
00 24 1A 06 22 08 28 0A 10 2A 10 20 1E 1A 00 00
00 04 0A 00 12 28 26 0A 00 16 14 1A 10 10 0A 00
00 10 06 06 0A 0A 0A 06 06 1A 20 0A 04 0A 10 00
00 10 1A 14 10 0A 00 00 0A 06 1A 1A 0A 10 0A 00
00 0A 0A 14 1A 0C 0A 06 10 1A 1C 28 08 14 16 00
00 0C 1E 10 06 10 0A 06 14 06 20 18 18 10 0A 00
00 28 06 0A 00 10 14 12 0A 24 1E 14 14 14 0A 00
00 16 0A 06 00 0A 14 0E 0E 2A 16 10 1A 06 04 00
00 10 00 06 16 20 1A 0A 1E 20 16 10 20 10 0A 00
00 1E 16 24 2A 0A 1A 24 20 10 10 0A 10 10 0E 00
00 0A 32 00 2A 1E 0A 10 1A 12 10 10 06 10 0E 00
00 1E 20 2A 16 06 06 14 1A 1A 0A 0E 10 16 20 00
00 00 00 00 00 00 00 00 00 00 00 00 00 00 00 00
