00 00 00 00 00 00 00 00 00 00 00 00 00 00 00 00
00 18 0A 1A 14 1A 14 0E 0A 18 16 0C 0A 00 0A 00
00 10 1A 2A 24 2E 1A 00 24 10 1A 0A 00 10 10 00
00 06 06 20 1A 10 20 20 26 1A 20 06 06 1A 1A 00
00 10 10 16 1A 20 24 10 10 00 06 06 14 0A 14 00
00 06 0A 0C 14 12 1A 14 0A 0A 0E 10 04 0A 18 00
00 0E 0A 24 04 1E 06 06 0A 14 14 20 14 14 18 00
00 06 0A 20 0A 24 16 10 06 10 1A 10 0A 14 10 00
00 14 0A 10 28 0C 18 14 10 06 24 06 0C 0A 0E 00
00 10 00 0A 16 24 1A 0A 16 14 1A 0A 14 00 0A 00
00 00 0A 0A 14 06 1A 0A 10 10 1A 10 0C 0A 06 00
00 14 0A 0A 10 24 0A 14 06 10 0A 10 14 10 10 00
00 10 0A 0A 14 20 24 10 10 1A 00 10 0A 1E 10 00
00 0A 0A 00 10 1A 1A 14 20 1A 10 10 0E 10 10 00
00 0A 06 00 06 10 10 0A 10 06 2A 1A 0C 0A 06 00
00 00 00 00 00 00 00 00 00 00 00 00 00 00 00 00
