00 00 00 00 00 00 00 00 00 00 00 00 00 00 00 00
00 06 10 1A 3E 34 24 14 1C 2A 34 26 0A 10 34 00
00 34 16 08 16 58 49 10 1A 26 20 10 0A 1A 34 00
00 30 3E 10 0A 26 3E 16 2A 44 20 0A 0A 20 20 00
00 20 26 10 0A 34 36 12 1A 20 24 28 10 14 1E 00
00 20 30 26 14 24 30 1E 2A 20 14 24 48 08 10 00
00 1A 20 26 1E 10 30 30 34 10 1A 18 2C 24 1E 00
00 26 26 3A 10 04 20 20 26 1A 14 2A 44 26 12 00
00 2A 2A 2A 04 1E 2A 22 28 18 20 20 20 06 20 00
00 2C 2A 1C 10 20 10 2E 1C 12 2A 14 14 06 26 00
00 34 16 1A 10 1A 06 12 28 26 2E 16 16 14 2A 00
00 26 10 16 2A 26 20 2E 24 16 2C 2E 14 0A 1C 00
00 2A 16 24 1A 24 1A 08 0C 14 3E 1C 10 0A 1A 00
00 16 10 16 16 12 1A 14 2A 34 26 24 10 14 1A 00
00 06 06 1A 24 34 2A 26 30 26 20 1A 1E 0E 12 00
00 00 00 00 00 00 00 00 00 00 00 00 00 00 00 00
