00 00 00 00 00 00 00 00 00 00 00 00 00 00 00 00
00 20 16 1E 30 2E 0E 16 00 20 10 26 1E 1E 0C 00
00 1A 2E 0C 16 2A 0A 2A 10 30 1A 06 1A 10 1A 00
00 1E 18 24 24 1A 0E 20 06 2A 2A 20 1A 04 14 00
00 24 2A 4E 24 00 1C 24 08 06 1A 20 0A 00 06 00
00 0E 32 34 2A 24 34 28 2A 10 0A 20 10 06 00 00
00 20 20 1A 12 16 10 18 20 06 0C 2A 2A 16 0A 00
00 26 2A 1A 1A 14 0E 0A 0C 0E 18 0A 2A 34 1C 00
00 14 06 24 1E 14 14 16 24 10 16 1A 04 10 1E 00
00 20 3E 36 24 16 20 10 20 20 14 16 0E 0A 1E 00
00 3E 0E 14 14 0A 1E 06 18 24 10 14 06 0A 16 00
00 16 48 34 34 20 30 26 1E 0A 24 0A 1A 10 14 00
00 34 2C 06 16 0A 14 14 0A 1E 16 0E 1E 18 14 00
00 10 06 10 2A 16 0E 1E 06 18 1A 18 1E 28 1E 00
00 1A 12 28 10 14 20 2E 16 1A 14 20 16 34 24 00
00 00 00 00 00 00 00 00 00 00 00 00 00 00 00 00
