00 00 00 00 00 00 00 00 00 00 00 00 00 00 00 00
00 16 26 14 1E 26 10 06 10 10 24 16 24 10 06 00
00 10 28 1A 1E 24 1A 06 10 1E 14 10 16 24 16 00
00 1A 12 0C 2A 1C 1A 04 14 10 0C 10 0A 0A 10 00
00 14 10 1A 1A 0A 0C 18 0C 0A 0E 24 20 24 04 00
00 16 24 2A 2E 10 28 04 10 0E 0A 2A 10 20 14 00
00 1A 0A 10 04 0E 0C 14 20 14 14 10 10 2E 10 00
00 10 1A 0A 06 1E 20 06 10 10 1A 16 04 16 32 00
00 1A 10 10 24 16 2A 10 14 1A 06 1E 22 0C 08 00
00 24 1A 16 14 10 1A 18 14 06 1E 1A 16 1E 0A 00
00 00 1A 1A 06 1A 10 04 16 24 16 12 28 0E 10 00
00 0E 0A 0A 04 1A 24 06 10 0A 0A 06 16 1E 10 00
00 18 10 08 1A 1A 16 24 1A 1A 1A 0A 1A 0C 24 00
00 1E 34 24 24 10 10 16 10 16 1A 04 16 14 1A 00
00 16 10 14 1E 16 20 20 10 1A 0A 1E 1A 0A 0E 00
00 00 00 00 00 00 00 00 00 00 00 00 00 00 00 00
