00 00 00 00 00 00 00 00 00 00 00 00 00 00 00 00
00 48 0E 26 59 4C 86 AE 74 D6 EA 26 22 3C 41 00
00 41 49 71 40 59 A3 24 BC FF F8 88 41 50 4C 00
00 49 54 26 59 3E 2E 8E 64 96 70 6C B2 5E 60 00
00 3E 54 4E 54 5C 78 C2 60 83 49 10 2C 54 49 00
00 A2 61 4E 24 56 C0 8E 70 8C 51 24 14 06 22 00
00 36 3E 44 44 B6 34 58 9E 64 48 20 50 64 61 00
00 64 2A 46 48 7E 6C 88 B6 BE 71 41 AE 12 28 00
00 2C 51 34 1C 96 56 71 6C 83 A3 61 DE 90 78 00
00 38 69 44 83 8E 46 5C B2 90 76 69 79 59 4E 00
00 40 40 61 A6 8C A0 6C 54 44 51 3C CE 92 71 00
00 5E 14 64 A6 40 38 3E 32 28 6C DE A2 3A 51 00
00 92 66 4C A3 CC 41 74 3A 50 D6 7C 44 16 3C 00
00 59 1E 2A 08 AA 9E 68 02 38 4C 79 54 5E 49 00
00 32 40 66 5C 59 B0 58 1C 30 36 98 B3 7C 28 00
00 00 00 00 00 00 00 00 00 00 00 00 00 00 00 00
