00 00 00 00 00 00 00 00 00 00 00 00 00 00 00 00
00 10 06 16 2A 04 06 00 06 0E 1A 16 06 1E 06 00
00 0A 14 0A 28 20 1E 1A 16 08 1A 14 0A 06 10 00
00 14 0E 28 10 24 14 28 18 28 24 0A 06 0A 10 00
00 14 1E 20 28 1C 12 34 20 10 24 16 14 06 10 00
00 20 1A 0A 06 28 14 1A 16 2E 20 20 0A 0E 14 00
00 16 10 06 0A 0C 18 06 06 20 0A 1A 10 0A 10 00
00 20 24 16 10 24 14 1A 10 2A 14 26 1A 0C 14 00
00 10 14 14 10 10 20 3E 1C 16 0A 24 00 1A 1E 00
00 06 1A 06 06 00 04 16 32 1A 0C 20 2A 30 1E 00
00 0A 0A 1A 1A 10 0A 06 12 1E 0E 0A 10 10 0C 00
00 0C 22 16 10 10 0A 0A 0A 10 1A 10 16 1A 0E 00
00 28 08 14 1A 1E 0A 04 10 00 10 10 14 06 1A 00
00 1C 0A 1A 0A 0A 1E 1A 10 14 14 0C 24 20 10 00
00 0A 10 14 0A 0A 10 1A 14 14 14 2C 14 18 08 00
00 00 00 00 00 00 00 00 00 00 00 00 00 00 00 00
