00 00 00 00 00 00 00 00 00 00 00 00 00 00 00 00
00 0A 1A 10 14 20 24 10 0A 0A 24 24 00 14 20 00
00 10 1A 26 1A 24 0E 10 06 20 34 12 06 16 1A 00
00 16 3A 3A 20 1E 10 10 06 1A 10 00 10 14 16 00
00 34 2E 00 1A 20 16 14 04 2A 10 00 16 14 1A 00
00 20 2A 24 1A 16 1A 1A 2E 3A 24 16 1E 0A 0C 00
00 12 2E 10 10 1A 10 24 20 2A 0A 0E 04 10 24 00
00 06 14 1E 06 06 0A 06 20 26 24 10 10 10 16 00
00 0C 1A 0C 0A 06 16 1A 16 26 1E 18 0A 10 1E 00
00 0C 24 10 16 1A 2A 24 10 30 18 14 08 0A 06 00
00 1E 10 0A 1A 0A 1A 0C 28 1E 1E 28 16 00 00 00
00 14 0E 10 1A 0A 1A 1E 10 08 38 1A 14 0A 04 00
00 10 06 1A 10 0E 1A 02 0A 0A 04 1E 14 0A 06 00
00 16 10 14 0A 0C 24 14 10 06 06 20 10 04 24 00
00 14 1A 14 06 1A 2A 10 0A 0A 0A 1A 14 10 1A 00
00 00 00 00 00 00 00 00 00 00 00 00 00 00 00 00
