00
00
00
00
00
00
00
00
00
00
00
00
00
00
00
00
00
1a
10
10
00
20
0a
10
10
1a
10
10
10
1a
16
00
00
10
06
10
00
16
0a
06
06
10
10
10
10
10
16
00
00
06
06
14
0a
10
06
10
10
06
00
06
0a
06
14
00
00
10
10
0a
14
06
10
1a
1a
10
00
10
0a
1a
0a
00
00
10
10
10
1a
06
10
10
1a
10
00
10
06
2a
10
00
00
10
06
1a
10
10
10
06
1a
06
00
10
10
20
1a
00
00
0a
0a
0a
0a
14
20
1a
1a
06
16
24
10
10
1a
00
00
0a
0a
0a
14
14
16
1a
1a
06
2a
1a
10
06
10
00
00
10
14
0a
1a
10
00
06
1a
06
20
14
10
00
06
00
00
10
14
1a
1a
06
00
10
1a
10
0c
14
10
00
10
00
00
0a
0a
20
10
0a
0a
16
1a
20
10
06
14
10
14
00
00
1a
0a
16
06
14
14
16
10
20
1a
06
0a
24
14
00
00
36
1a
16
10
14
14
10
00
10
10
14
04
24
1e
00
00
36
24
0c
1a
14
0a
06
00
10
10
1e
0e
14
1e
00
00
00
00
00
00
00
00
00
00
00
00
00
00
00
00
00
00
00
00
00
00
00
00
00
00
00
00
00
00
00
00
00
00
10
00
06
2a
1a
10
06
10
10
10
10
0a
1a
14
00
00
10
00
10
16
24
10
10
1a
10
10
1a
0a
10
14
00
00
10
00
10
06
1a
16
1a
2a
20
20
1a
10
06
1a
00
00
06
00
10
10
1a
16
1a
20
20
2a
1a
06
10
1a
00
00
06
00
10
16
1a
0a
1a
1a
0c
1a
10
00
10
1a
00
00
10
00
10
20
1a
0a
1a
24
16
1a
06
00
06
10
00
00
14
04
14
2e
0e
10
10
14
14
14
06
00
00
06
00
00
0a
04
24
1a
0e
06
06
0a
14
0a
10
00
00
10
00
00
0a
04
24
10
0a
0a
0a
06
10
06
14
0a
06
10
00
00
14
04
10
1a
0a
14
14
10
10
10
0a
14
10
10
00
00
10
06
10
20
20
0a
24
16
1a
16
0a
14
24
0a
00
00
06
10
1a
20
2a
1a
24
0c
1a
16
14
24
1a
1a
00
00
1a
26
34
20
24
24
10
06
1a
1a
10
20
14
26
00
00
24
1c
34
20
10
1a
06
10
10
10
06
0c
14
1c
00
00
00
00
00
00
00
00
00
00
00
00
00
00
00
00
00
