7d 86 80 81 84 80 83 82 7f 88 82 8a 85 81 85 82
7d 86 81 81 83 80 83 81 81 88 84 88 87 80 87 83
7e 86 82 82 82 81 84 80 80 86 86 87 87 7e 86 82
7f 85 83 82 82 82 84 80 7f 86 86 88 87 7f 85 82
80 83 83 82 81 82 84 81 81 87 86 8a 85 83 85 85
83 82 83 83 81 81 83 82 83 87 83 87 82 83 85 87
85 80 83 84 80 80 82 84 81 84 83 84 83 83 85 86
86 80 82 84 80 80 82 85 80 81 85 84 87 83 85 84
80 83 81 7e 7f 85 85 81 80 81 81 84 83 83 86 84
84 84 85 80 82 82 84 80 82 81 81 85 83 80 84 84
83 81 86 7f 84 7f 84 81 81 80 80 85 82 7e 83 86
82 80 83 80 84 80 84 84 80 80 82 85 82 7e 83 85
86 83 82 82 83 82 83 83 80 83 85 85 81 7f 82 80
86 84 81 82 82 83 82 82 80 84 85 84 81 81 84 80
82 81 82 80 83 82 83 81 81 82 82 84 83 83 87 84
81 82 86 80 85 81 84 80 84 82 80 84 84 83 86 85
