5e 63 62 63 64 63 64 63 5d 5f 5c 62 5b 64 60 60
5f 62 63 64 69 63 63 60 61 62 62 63 5f 63 61 5e
60 60 63 61 6b 62 63 5e 61 61 64 63 63 63 63 5f
61 62 62 5f 67 63 65 60 60 61 64 63 63 63 64 60
61 66 63 60 64 66 67 63 63 64 64 64 61 64 63 60
60 66 63 62 63 65 65 62 65 66 66 66 62 65 64 62
62 64 62 60 63 60 61 5f 62 63 66 64 65 65 67 64
66 63 62 5f 65 5b 5f 5f 60 60 67 62 67 62 68 62
64 5e 62 5e 65 5d 63 63 5c 62 64 63 67 64 69 63
64 61 65 66 6a 63 64 63 61 66 67 65 64 62 67 64
62 60 61 63 64 61 60 61 62 67 65 65 63 64 65 62
62 61 5e 63 61 62 60 62 66 69 66 6b 6a 6f 6a 66
60 61 5f 66 63 64 5f 60 62 64 64 67 66 6b 67 65
60 60 5e 63 61 63 60 61 66 68 6b 69 66 69 69 6c
63 62 60 62 62 64 63 63 65 65 6a 66 66 67 69 6c
5e 5e 60 63 65 64 61 5f 66 63 69 65 6b 6c 6c 6d
