61 61 64 62 63 66 64 63 5f 65 60 61 5f 5c 57 56
61 60 62 61 63 66 65 65 65 67 61 62 5e 5c 57 53
66 62 63 62 62 63 61 62 63 63 5e 61 5e 5d 5a 54
63 5f 61 62 64 65 63 66 60 5f 5d 62 5e 5f 5e 57
63 5f 62 63 65 65 63 66 60 61 60 64 5d 5d 5c 56
66 63 65 64 64 64 60 61 60 63 61 63 5c 5a 58 54
62 61 63 62 63 66 64 64 60 65 60 60 5b 59 56 55
64 63 64 61 62 65 63 63 63 68 61 60 5d 5a 57 58
62 62 65 64 67 60 62 66 64 62 62 5b 5e 59 61 56
5f 63 63 5f 63 65 65 63 62 60 5e 61 60 5d 5f 59
61 66 64 60 61 67 65 62 64 65 5f 65 5f 62 5e 59
62 68 65 65 62 65 62 64 65 6a 63 62 5c 64 5f 58
61 66 64 65 63 66 62 62 61 66 64 5e 5c 61 5e 5a
62 68 65 62 64 6a 64 5d 61 60 63 5f 61 5d 5b 5c
63 68 67 61 65 67 64 5e 63 61 63 5f 62 5d 59 5e
60 63 66 62 65 60 62 65 62 62 61 5c 5e 60 5a 5e
