91 8d 91 95 90 8d 90 92 92 93 8f 92 92 8f 93 92
91 8e 90 92 91 8e 8d 8d 91 92 90 93 94 92 95 94
92 91 8f 91 94 92 8f 8f 8e 90 90 93 93 91 93 92
94 91 8d 90 96 93 90 93 93 94 94 95 95 94 94 94
94 90 8d 92 96 90 8d 92 95 95 96 96 95 95 95 95
92 90 91 96 97 91 8f 93 93 93 95 93 93 95 94 96
92 91 94 96 95 93 93 93 94 94 97 95 95 98 97 99
93 92 94 91 8d 90 92 8e 92 92 97 94 94 97 95 97
8e 93 93 93 8d 91 91 93 93 95 97 96 9a 97 9c 99
91 93 94 91 92 93 96 96 93 95 97 99 9b 98 9b 98
92 91 92 8e 93 93 96 94 96 95 92 97 97 99 9d 9d
92 91 91 8e 91 92 94 92 99 95 8f 97 95 99 9e 9f
93 94 92 94 92 95 93 93 98 95 92 9c 99 9c 9d 99
91 93 91 95 92 96 93 94 98 94 95 9d 9b 9e 9f 96
91 91 91 92 92 94 93 93 97 93 96 9b 9b 9c 9d 8f
94 92 93 91 95 93 95 94 95 93 9a 9c 9c 98 95 82
