98 97 96 97 9c a0 a7 9b 9a 93 97 9b 9b 94 97 9b
9b 9a 9b 9a 9a 99 a3 a0 9e 96 98 9a 9b 94 97 99
94 93 97 9b 9c 9a a5 aa a2 99 98 99 9a 96 99 9a
a0 98 96 96 9b 9c a8 af a0 98 97 97 99 96 9a 9b
98 96 99 9b a1 9e 9d 9c 98 94 97 97 98 95 98 97
96 95 96 92 97 97 98 9b 94 94 99 99 9a 96 97 94
99 99 9c 96 9a 97 94 98 95 95 9a 98 98 96 98 95
99 96 98 95 9b 98 93 98 96 95 97 94 94 94 99 97
98 96 97 95 98 95 95 92 98 96 94 95 95 95 97 99
99 97 98 96 99 96 96 93 96 96 97 99 99 97 95 95
99 97 98 96 99 97 98 95 97 96 97 97 97 97 97 97
99 96 96 94 98 96 98 97 97 96 95 94 94 95 96 96
99 96 97 94 98 96 97 95 93 94 96 97 96 94 92 90
99 97 99 97 99 95 94 91 92 95 97 98 98 97 95 93
99 97 98 96 99 96 95 92 95 96 96 95 95 97 97 97
98 96 96 94 97 95 97 95 96 96 95 93 92 93 92 91
