98 99 99 9a 9b 99 97 99 94 96 96 94 95 97 96 93
9a 9b 99 9a 99 98 95 98 99 94 92 95 98 97 94 93
9b 9d 99 9b 98 99 95 98 97 96 96 97 96 92 92 95
99 9c 98 9b 99 9b 97 99 95 98 98 95 92 91 92 93
97 9a 98 9a 9a 9c 98 99 98 96 94 92 93 94 92 8e
96 98 98 98 9b 9a 98 97 98 93 92 94 94 90 8e 90
96 96 99 94 9b 97 97 94 94 93 95 96 92 8c 8d 93
95 95 98 91 9a 95 97 94 94 94 94 94 92 91 90 90
96 97 98 96 99 94 95 8f 90 93 93 90 91 93 91 8d
98 98 97 97 98 93 94 90 93 94 93 92 90 8e 8c 8a
97 97 93 97 95 92 92 92 8f 8f 90 91 91 8e 8f 90
95 94 90 96 93 93 92 95 92 92 92 92 90 8e 8d 8e
94 94 90 96 93 93 93 96 93 93 92 8f 8f 8e 8d 8b
94 94 91 94 92 90 92 92 8d 8e 8d 8c 8d 8f 8f 8d
92 93 92 91 91 8d 90 8e 90 8f 8e 8d 8c 8b 8b 8b
92 93 93 90 91 8d 90 8d 92 8f 8e 8f 8d 89 89 8d
