63 63 63 65 67 68 68 68 66 6f 65 6d 6e 6d 71 70
64 64 64 65 66 67 67 67 67 63 6c 6a 6d 68 6a 73
65 66 65 65 65 67 68 69 66 66 62 69 6c 72 7b 7d
64 65 66 65 65 66 67 68 67 61 67 67 70 8c a6 7b
62 64 65 64 63 64 64 64 65 69 65 71 8b b9 98 71
63 65 65 63 63 63 63 61 64 6c 71 8c af a4 76 6f
64 66 65 63 63 65 64 62 65 69 82 ab 8e 77 70 73
63 64 63 62 63 66 66 64 6b 6e 89 88 6f 73 74 71
62 63 63 63 65 69 69 67 6e 6d 7d 77 6e 74 71 72
64 66 67 66 67 69 69 67 6c 6b 75 7a 73 70 73 74
64 66 68 67 66 67 67 66 6d 6e 74 85 80 6f 71 6f
63 65 67 66 66 67 67 67 69 6a 70 85 84 73 74 73
65 66 67 67 66 68 6a 6b 6b 68 6d 78 79 72 72 76
66 67 67 67 67 68 6a 6c 6e 6b 70 72 73 73 6f 73
65 66 66 67 67 69 6a 6c 69 6b 70 72 75 78 75 77
64 65 66 68 69 6a 6b 6d 6a 6e 6e 6e 72 74 76 77
