66 64 66 68 68 6d 71 6d 72 6e 73 76 71 72 75 73
62 63 67 68 66 69 6e 6e 72 70 72 74 73 76 78 75
67 69 6c 6c 6a 6b 6e 6e 72 71 70 70 73 77 78 75
6a 68 68 69 6a 6c 6d 6b 70 73 71 6f 72 76 75 74
66 66 65 66 69 6b 6d 6e 6f 74 74 72 73 75 76 76
66 68 68 68 69 6a 6c 72 6e 71 74 73 73 75 77 78
66 68 67 66 68 67 68 6e 6f 6e 71 73 72 75 79 78
67 67 65 66 6b 6a 69 6d 73 6d 70 73 72 75 7a 78
64 6c 68 67 67 6d 6d 6d 6f 6e 6f 71 73 75 79 7c
63 68 66 66 67 6e 6b 6a 6d 6f 72 75 75 74 76 79
67 69 6a 69 6c 74 6d 6d 6d 71 75 77 76 75 76 79
67 67 6a 69 6b 74 6b 6e 6f 72 75 76 74 75 78 7c
66 65 69 68 6a 72 6b 70 70 72 72 71 71 74 78 7b
67 68 6a 6b 6b 72 6e 73 70 71 70 6f 6f 72 75 77
65 68 67 6b 6b 6f 6e 72 70 71 71 70 70 73 76 77
65 69 67 6c 6e 6f 70 73 71 72 72 71 72 75 79 7b
