75 73 73 70 75 74 77 76 7a 73 76 77 7a 75 78 79
73 72 71 73 75 76 74 71 75 72 75 78 79 77 79 7b
74 74 70 75 74 77 72 71 76 77 78 7a 77 77 76 77
78 76 72 74 73 76 74 75 73 77 77 7a 79 7b 78 79
77 75 75 73 75 73 76 77 74 79 77 7a 7a 7e 79 7a
74 72 76 74 77 72 74 74 78 7c 78 78 7b 7b 77 79
74 73 74 76 76 73 73 74 75 78 76 75 7b 7a 79 7e
78 76 72 76 73 75 74 78 77 79 77 73 7a 75 76 7c
75 6f 76 72 75 77 71 7c 74 78 79 76 75 7e 78 7a
72 75 76 7a 76 76 6f 74 75 77 75 75 74 78 73 75
73 77 79 76 7a 70 75 73 73 76 73 77 77 79 78 7a
75 7c 75 79 73 76 74 75 75 7b 76 7a 79 78 7a 7a
77 77 7c 72 78 74 74 72 72 7b 76 78 77 79 7a 78
77 78 74 73 70 78 72 76 70 78 75 76 77 7c 7b 79
76 75 73 6f 74 71 78 79 78 79 77 77 78 7d 77 75
72 79 71 77 76 71 77 75 78 74 73 75 79 7f 75 76
