63 65 66 65 67 68 68 6a 68 6a 66 67 6d 69 63 65
63 69 68 62 61 68 69 63 68 69 67 65 66 65 66 6b
68 66 66 65 63 66 68 65 64 67 6a 6c 6b 68 67 68
66 60 62 66 64 66 6a 67 6a 67 65 64 63 65 67 67
65 65 68 67 64 6b 6e 66 68 66 66 66 65 65 66 64
69 68 6a 69 66 68 69 64 66 68 67 65 64 64 66 68
68 65 65 67 66 62 62 64 5c 63 67 68 69 65 60 5f
66 6a 6a 67 68 6a 6a 6a 65 68 64 63 69 69 64 64
66 67 67 66 68 66 63 6a 64 6b 6c 6a 68 68 66 68
65 6e 67 64 68 64 62 64 63 67 69 66 66 65 66 68
63 71 66 64 69 65 67 63 66 63 62 60 67 64 66 66
64 6e 69 67 67 67 6a 65 66 62 63 5f 67 60 64 67
69 68 6b 69 63 66 68 64 64 64 69 63 64 5b 61 68
6a 63 69 68 62 65 66 63 66 64 66 63 65 5e 61 64
66 66 64 64 65 66 67 65 67 65 64 63 66 63 62 63
65 6c 61 62 69 67 69 66 61 67 68 66 62 61 63 6a
