97 9b 96 9c 99 9d 95 96 95 94 97 9c 92 94 94 94
9c 97 93 9d 98 97 92 98 94 93 94 98 92 94 94 95
9a 97 94 9a 94 99 98 97 94 94 93 95 93 95 96 98
98 97 97 9a 93 9a 9a 95 93 95 93 93 94 96 97 99
9d 95 95 9b 95 94 95 95 90 94 94 91 93 93 95 97
9a 96 95 96 93 94 95 94 91 93 96 92 91 92 95 95
96 98 98 93 93 97 98 93 94 94 98 92 91 92 98 94
99 98 98 98 9a 96 94 95 96 93 98 92 90 93 9a 93
99 9a 99 99 98 95 94 97 96 95 91 97 91 90 94 93
99 99 97 97 99 99 96 95 96 96 93 94 92 90 96 95
98 99 96 95 98 9a 97 96 96 98 97 92 94 90 96 96
96 9a 99 95 96 98 97 97 96 9b 9a 93 95 91 92 93
97 9b 9a 96 96 98 97 97 96 9c 99 96 93 94 90 94
9c 9b 98 95 99 9b 98 97 98 9a 97 96 91 95 92 97
9c 9a 96 96 9a 9b 99 99 99 96 98 97 94 96 95 98
99 99 97 97 98 98 98 9c 9a 93 9a 98 97 96 97 97
