58 59 57 56 5e 5c 66 6e 74 7d 85 8c 91 91 95 a0
5a 58 57 59 60 5e 66 70 7a 80 84 8b 92 94 95 9c
5c 58 58 5b 62 61 68 72 7b 81 84 88 90 94 95 9a
5d 59 5a 5c 60 63 69 72 76 80 86 88 8e 91 96 9d
5c 59 5b 59 5b 64 6a 71 75 80 86 89 8e 92 97 a0
5a 58 5b 58 56 63 69 70 77 7f 84 89 90 94 97 9e
58 55 59 58 53 61 66 70 78 7e 84 8b 93 94 97 9e
56 52 58 59 53 60 65 70 78 7f 87 8e 94 94 98 a1
59 55 5c 5f 54 5d 65 6c 72 7d 83 8c 8d 92 95 96
5e 54 56 57 54 5e 64 6a 74 81 86 8d 8b 92 99 9b
5c 52 51 51 55 5d 66 6b 73 82 8a 92 91 95 97 96
56 52 55 53 58 5a 65 6c 79 81 84 8d 90 95 98 98
55 55 58 56 58 57 63 6a 76 7b 7e 8b 8f 95 99 9d
56 54 55 56 56 57 64 69 70 79 81 8d 8f 93 98 9d
56 53 52 56 52 57 65 69 73 7e 82 89 89 91 99 9d
56 54 53 59 4f 55 64 68 70 7d 82 89 8c 96 9a 97
