5e 68 62 63 68 63 65 66 60 6e 66 66 62 62 67 62
61 62 5e 65 65 5d 63 66 63 67 64 67 67 60 64 65
62 66 64 63 5f 61 69 64 65 65 67 63 66 64 67 66
68 67 64 67 66 62 68 6a 68 66 69 63 64 66 67 67
68 69 64 65 6a 66 65 6b 6c 63 68 6b 65 65 62 69
63 6b 66 61 68 6a 67 68 69 65 69 6d 64 66 62 64
68 65 64 68 6c 68 65 6d 67 67 6b 69 63 68 67 60
66 65 68 68 67 6a 6c 6a 6c 65 68 68 67 64 68 63
69 65 67 69 65 66 6a 65 65 65 67 65 63 64 66 64
64 63 67 6a 66 66 68 62 65 68 66 6a 62 68 66 67
66 64 65 64 61 64 68 66 66 69 67 6c 63 67 65 67
62 63 67 66 63 66 66 65 67 67 6a 6a 66 64 67 69
63 64 69 66 64 68 66 67 67 67 6a 6a 67 65 6a 6c
67 66 69 63 63 69 67 6a 66 6a 68 6c 62 67 66 69
64 65 6a 65 67 6b 65 66 66 6b 6a 6c 62 68 66 66
67 66 69 62 64 6b 66 68 65 6a 6e 6b 69 6b 6c 68
