73 74 75 73 76 75 7d 83 83 7d 77 73 70 71 7a 83
76 72 74 73 78 79 7d 7f 81 79 71 6f 72 78 80 87
79 75 7b 78 76 76 7b 7c 7c 71 68 6d 7c 88 89 84
7b 76 82 7b 74 75 77 78 6f 71 74 79 80 87 89 86
7b 74 80 78 74 77 72 70 72 79 7f 81 82 84 85 85
78 73 81 75 70 73 6c 6e 7e 80 81 81 82 84 86 85
78 74 81 6f 6a 71 6c 77 83 86 88 84 7e 7e 85 8b
7b 72 7a 67 69 76 74 81 8a 8a 89 85 80 7e 82 86
72 66 77 67 77 80 7f 85 8e 89 87 84 7f 80 85 86
6b 61 72 6c 7c 7e 7c 82 87 86 85 82 80 82 85 84
65 6c 7d 74 7d 7e 80 82 86 89 88 84 85 87 86 85
64 76 7f 76 7a 7d 83 81 87 89 85 82 85 86 83 83
6b 75 75 75 7d 7f 84 84 89 87 82 81 86 85 84 87
6a 78 75 75 7c 82 83 83 89 83 7e 81 86 88 88 8b
67 7b 78 75 77 80 7f 7e 84 7d 7a 7e 82 86 88 87
70 7c 76 7a 7f 84 7e 82 85 7e 7d 7f 82 87 89 83
