6a 6a 68 6a 68 64 67 69 65 69 65 69 68 64 5f 68
68 68 67 6a 6a 66 67 67 64 6e 6a 63 64 6a 67 67
65 66 65 68 68 65 67 66 69 68 65 64 68 64 65 6b
66 66 63 66 66 65 67 67 67 66 65 62 68 64 67 69
66 66 64 66 67 66 68 67 67 65 66 65 6a 66 67 68
64 66 65 67 67 66 67 66 67 64 65 68 6a 65 65 67
63 66 65 67 67 65 67 66 63 68 68 65 62 68 67 62
65 68 67 68 67 66 6a 6a 69 64 62 6a 65 63 62 68
66 6c 6c 6a 6d 63 66 6e 6c 64 67 6a 6c 66 67 63
68 6b 67 64 6a 65 66 68 6c 68 64 69 66 68 66 67
67 6a 66 63 69 66 67 65 6c 6b 66 67 64 66 65 68
66 6b 6c 6a 6d 66 67 66 68 6a 69 64 69 65 66 67
67 6a 6d 6e 6f 65 67 67 65 67 68 64 6a 68 68 68
69 68 69 6b 6d 65 67 67 67 69 66 68 65 68 65 67
69 67 68 68 69 64 68 66 69 69 68 6a 64 66 64 66
66 69 6b 69 67 63 69 67 66 64 6b 6a 68 63 68 66
