62 67 62 60 67 62 5d 67 65 63 64 61 6d 63 64 60
61 5e 63 64 62 5d 61 63 60 62 65 61 69 64 61 5d
65 5c 61 62 60 5d 65 63 61 66 6b 64 63 65 62 65
65 60 61 5e 65 63 63 60 62 63 68 64 60 66 60 65
60 60 63 62 65 64 62 5a 65 60 63 65 63 6a 5f 60
61 5e 65 67 5d 62 66 5c 67 62 64 65 60 65 61 66
65 60 62 67 5c 63 66 63 64 63 64 63 5c 60 63 65
61 62 5c 67 66 69 60 64 65 63 63 65 66 69 67 5c
5f 62 61 60 66 61 64 65 65 62 66 63 64 67 61 60
5b 5c 5c 60 67 65 65 60 63 64 6a 65 63 65 63 66
5e 62 62 64 5f 60 64 63 62 60 64 61 62 64 5f 60
61 61 5c 5f 59 5f 60 5b 5f 62 6b 67 61 5f 5d 63
5e 5f 5e 64 60 64 65 60 64 60 64 63 64 66 60 61
5a 5e 5f 62 5d 5d 61 62 5d 5d 63 5f 5d 60 61 69
68 65 60 61 65 61 62 62 63 5e 5f 5d 5f 64 63 69
62 64 64 64 68 5e 61 64 63 60 63 5f 5d 60 60 68
