8a 86 83 81 85 84 7e 83 85 84 82 80 85 83 7f 87
8b 86 83 80 84 83 7f 83 84 84 83 81 84 83 7f 86
8b 86 83 81 83 84 80 82 84 84 84 82 83 82 80 87
8b 85 83 82 84 85 81 81 84 84 83 81 82 83 81 88
8a 85 83 82 82 84 81 81 85 83 83 81 82 83 81 84
8a 84 83 81 7f 82 81 81 84 82 84 83 83 84 80 81
88 83 85 83 80 82 81 80 81 80 83 82 81 83 82 83
86 83 88 87 83 83 81 7f 80 7e 81 80 7f 83 85 87
82 84 7d 81 81 81 82 82 7d 7e 7f 80 81 82 84 86
83 87 7d 85 80 83 80 82 80 80 80 7f 7e 7e 80 81
84 85 83 82 85 80 82 82 81 83 84 84 83 82 82 82
83 83 85 82 87 81 83 82 7f 80 82 82 82 82 82 83
82 86 7f 87 80 87 7e 83 83 82 81 7f 7e 7f 82 84
85 86 81 86 80 87 7e 83 83 84 84 83 82 82 83 84
87 83 85 81 85 85 82 84 81 82 83 83 82 81 81 81
88 84 82 83 84 89 82 86 87 85 82 7f 7e 7e 81 83
