99 9a 98 97 99 9a 99 98 9d 9a 99 9c 9e 9d 9a 98
9a 9b 9a 99 9c 9d 9c 9c 9c 99 98 99 9a 9b 9c 9d
97 99 98 97 9a 9b 9a 9a 97 97 98 99 99 99 9a 9b
9a 9b 99 99 9b 9a 99 9a 96 97 99 9a 99 98 98 99
9a 9b 9a 99 9a 99 98 99 9b 9a 98 97 97 98 9a 9b
99 99 99 99 9a 99 97 99 99 98 97 96 97 98 99 99
9b 9c 9b 9c 9d 9b 9a 9c 95 96 96 96 96 97 97 96
9a 9b 9a 9b 9c 99 98 9a 99 98 96 94 93 96 98 98
94 99 96 98 98 99 95 98 95 91 94 93 97 96 95 95
96 97 99 96 99 95 96 96 94 91 94 91 95 95 94 93
98 96 99 96 97 93 96 95 96 92 94 8f 93 94 94 93
97 96 95 98 91 95 96 96 98 93 94 90 93 92 93 95
98 95 93 95 8e 94 96 97 97 90 93 92 94 90 8f 93
9a 95 95 90 92 91 96 95 94 8f 94 94 96 90 8e 91
9a 97 95 90 95 92 95 94 92 90 95 91 93 90 8e 8f
98 99 92 93 94 97 92 95 90 90 93 8b 8c 8e 8f 8e
