87 85 84 87 87 85 87 83 87 86 83 86 85 87 85 86
88 86 84 87 87 85 86 82 88 86 83 86 85 88 85 86
87 86 84 87 86 84 86 83 88 86 83 86 85 88 85 86
86 85 84 87 86 84 86 84 88 86 83 86 85 87 85 86
87 86 86 88 87 85 87 84 87 87 85 87 84 86 85 87
88 88 87 89 87 84 87 84 87 88 86 88 84 86 85 88
87 87 86 89 86 84 87 85 87 87 85 87 84 85 84 87
83 84 84 87 85 83 87 85 86 86 83 86 83 85 83 85
81 86 84 87 85 88 85 88 89 89 88 86 84 83 83 83
80 85 86 86 85 86 84 85 81 83 85 86 85 86 87 89
81 85 87 84 85 84 83 83 83 85 86 86 85 84 84 84
84 86 87 80 84 83 84 83 84 85 86 86 86 85 85 86
84 85 84 7f 84 82 84 83 87 86 86 86 86 86 86 86
83 83 82 81 84 82 82 83 8a 88 87 85 84 83 82 81
84 84 83 85 84 83 82 88 84 84 85 85 84 83 84 85
88 88 84 88 84 84 84 8d 83 85 88 88 86 85 86 88
