29 3a 2f 31 30 37 40 39 36 3d 30 37 2f 36 39 39
2c 35 2c 35 32 34 38 3a 35 32 34 30 35 37 47 36
32 35 31 3a 37 34 33 38 38 38 32 36 3c 35 35 31
2f 33 36 36 38 36 32 31 38 43 3f 33 3f 3a 39 33
2f 31 39 32 3a 38 38 34 3c 37 32 37 34 32 34 36
34 34 39 31 39 35 38 38 39 3f 32 39 2f 3e 33 2f
34 37 38 32 32 2f 33 35 34 33 34 32 3c 34 2f 2e
33 3f 3c 38 31 32 35 37 3a 34 3b 36 32 30 34 2c
38 3e 3f 37 32 30 34 3b 35 37 36 38 39 35 32 38
39 38 35 36 34 31 30 36 31 3b 3b 3b 38 32 2e 39
37 37 34 38 36 35 35 3c 44 3f 3d 3c 32 36 3a 3a
36 37 34 34 37 3a 39 39 3c 42 40 37 35 32 34 3a
31 36 39 34 34 31 32 33 36 33 3d 37 32 30 3a 34
33 35 39 3d 3c 35 32 35 32 34 33 2e 3a 38 38 38
39 36 30 3e 43 47 38 35 2d 31 35 37 34 34 34 35
2d 37 31 3e 36 41 35 38 3a 3d 31 32 31 36 2f 38
