68 6d 6a 70 6c 76 73 74 73 73 7a 6e 7a 70 6e 73
6c 6f 6d 72 70 76 73 74 75 72 73 6b 74 72 72 77
70 6f 70 73 75 76 76 77 76 72 73 71 74 74 70 70
74 72 74 74 78 75 78 7a 7d 76 74 71 71 72 72 6f
79 76 79 76 78 73 77 79 7a 74 75 72 73 71 76 70
79 78 7a 77 78 74 78 78 72 71 75 74 75 71 76 6f
77 78 79 78 7a 79 79 77 75 76 73 72 70 70 76 74
78 79 79 79 7a 7b 78 74 73 78 73 77 72 73 74 73
72 75 7c 78 7a 76 77 79 76 7b 78 74 74 74 75 73
78 79 7a 74 76 74 7a 80 78 7e 78 7a 74 76 74 74
74 76 78 78 7a 77 78 7c 7c 7d 7d 78 7b 73 76 74
76 75 71 72 76 77 7c 80 80 7e 7d 78 7e 73 77 75
71 72 6e 74 7b 7d 7f 7f 82 83 78 7e 79 7a 75 78
71 76 70 75 7a 80 86 86 85 85 7b 7e 7b 7c 79 7b
66 77 78 81 81 83 86 84 85 84 81 7c 80 7a 7e 7c
67 7a 7b 80 7c 80 88 8a 83 86 81 7f 7e 7c 7d 7e
