68 67 63 67 64 67 65 67 68 63 61 68 6b 67 66 61
64 65 64 68 65 67 66 69 65 61 5f 66 67 64 64 5f
61 64 65 69 66 67 66 68 65 64 63 67 67 65 66 62
62 63 64 67 67 66 65 65 63 64 64 66 64 62 64 61
64 62 62 64 67 66 65 63 67 68 68 69 66 64 67 65
65 62 62 62 67 66 66 64 63 64 64 65 61 5e 62 62
63 61 64 62 66 63 66 65 65 65 65 67 63 5f 64 66
62 62 66 63 64 60 64 65 64 63 63 67 63 5e 63 66
66 66 64 66 66 62 64 64 62 62 65 61 65 5d 62 5f
64 62 5f 64 67 64 64 62 63 63 63 61 64 5f 64 62
61 64 66 69 67 62 64 66 63 63 61 61 63 61 65 63
66 64 61 66 6a 67 66 62 63 63 60 62 62 62 63 61
5e 61 63 65 63 5f 63 66 61 63 61 64 64 63 63 60
63 61 5d 61 64 63 63 61 61 63 63 64 66 63 64 61
63 65 64 66 63 5f 62 64 63 64 64 62 65 60 65 62
63 63 61 64 64 61 63 62 66 65 65 60 64 5d 64 62
