75 7c 83 81 82 85 82 84 8c 88 87 88 87 86 87 88
7b 7d 80 7f 81 83 81 85 85 86 87 88 88 86 88 8b
80 7e 7f 7f 82 83 81 86 84 87 87 88 8a 87 86 8b
7f 7e 80 80 84 85 82 84 87 89 86 86 8c 89 85 8a
7b 7e 81 80 83 86 82 82 85 88 85 85 8a 88 87 8e
7a 7e 81 7e 81 85 82 81 83 87 88 87 87 85 88 91
7e 7f 80 7e 81 84 81 82 85 87 89 89 86 84 87 8d
83 81 81 81 84 84 81 84 87 85 87 8a 89 88 89 89
80 83 81 84 85 84 85 82 83 88 8a 87 89 87 8c 87
7c 80 81 82 81 81 84 84 85 89 89 86 88 85 8a 88
84 88 87 86 83 80 82 80 86 87 88 87 88 84 8a 89
81 83 81 83 84 84 83 7f 84 85 88 89 8a 84 89 8a
7e 7f 7c 7f 82 84 85 81 83 85 87 89 89 83 89 8b
82 84 81 80 80 80 84 83 84 86 87 86 86 81 88 8b
7f 81 7e 7f 7f 80 84 83 82 85 86 84 84 80 87 89
81 81 7e 80 83 84 83 7f 7e 83 86 84 84 81 87 88
