86 83 83 80 84 85 80 86 84 88 8a 87 83 85 85 81
87 84 84 81 83 84 81 86 84 84 84 83 82 85 85 81
86 83 85 84 83 84 83 84 83 83 83 83 82 82 82 81
81 7f 84 86 83 83 83 81 84 84 83 84 85 84 82 82
7f 7f 83 85 82 81 82 7e 86 84 81 82 87 86 82 83
83 84 83 84 82 81 83 7f 83 87 85 83 84 81 81 86
83 86 82 82 83 82 83 81 80 87 87 84 85 83 82 87
7e 83 7e 7f 83 81 81 7f 7f 82 80 82 8e 8f 88 85
85 81 83 7e 82 82 82 88 83 88 86 87 7e 8e 8b 82
7e 7d 81 7f 83 80 7e 80 87 82 81 8b 83 84 86 8d
85 83 7f 7d 82 80 83 83 83 80 81 86 85 83 86 8d
80 81 7c 7c 82 7e 80 7c 80 82 84 81 87 88 87 84
82 84 80 80 86 81 82 7c 83 81 84 84 8a 85 84 83
81 83 81 7d 82 7f 80 7b 83 82 85 84 85 80 83 83
81 85 89 84 87 85 80 7c 81 82 85 82 7f 81 86 82
84 84 87 7d 7f 81 7f 80 85 80 82 84 82 85 88 83
