91 90 92 94 99 93 95 93 92 92 91 8f 8e 8d 8d 8d
8d 8f 92 94 9a 96 99 94 8f 91 93 91 8d 8c 8e 92
89 8d 8f 90 95 95 98 93 92 92 91 90 8e 8d 8d 8e
87 8a 8a 8c 90 92 96 95 95 93 91 90 90 8f 8e 8d
85 86 86 8d 90 92 97 99 93 94 95 93 90 8f 90 92
82 84 85 8e 90 91 95 98 95 95 94 92 91 90 90 90
7e 83 83 8c 8c 8f 91 93 99 95 92 91 92 92 8f 8c
7a 81 81 88 88 8f 92 93 96 96 95 94 92 91 91 91
78 7b 80 85 8a 8e 90 90 94 97 94 95 93 8f 92 90
6d 77 7d 7d 83 8d 91 8d 91 95 95 96 94 8f 92 91
69 6f 76 7c 81 87 8b 8c 8f 94 97 98 95 92 93 93
64 68 71 7a 7f 82 86 8a 8e 93 97 98 96 94 95 94
5a 63 6b 70 78 81 87 88 8d 90 94 95 95 95 94 93
56 5b 62 6a 72 7b 83 88 8c 8d 91 92 94 97 94 92
50 50 57 65 70 75 7d 87 89 8a 90 90 94 98 94 92
43 49 52 5e 6a 76 7e 81 85 87 8e 8f 92 97 92 91
