8b 8b 90 93 91 8f 90 91 92 8f 94 94 90 8f 91 97
8c 8c 91 95 93 90 8f 8f 90 8d 91 92 91 92 94 97
8c 8b 8f 94 94 93 92 90 92 8f 91 91 91 95 95 95
92 8e 8f 91 91 90 90 8e 94 90 92 91 91 95 94 92
92 8e 8d 90 91 92 92 91 90 8e 91 90 8f 94 94 93
8f 8c 8e 92 93 93 94 94 90 8e 92 91 8f 92 93 95
92 90 92 95 93 91 90 90 92 8f 93 93 90 91 92 95
8d 8c 90 94 93 92 94 94 92 8e 92 93 90 90 91 95
90 90 90 91 92 93 92 92 8f 8f 90 90 8f 8e 90 93
8e 8f 90 92 94 95 95 95 90 90 91 91 90 8e 8f 91
8e 8f 91 93 94 95 95 95 90 91 91 91 90 8f 90 91
90 91 92 93 94 94 93 92 91 91 91 91 90 90 91 93
90 91 92 94 95 95 94 93 93 92 91 90 90 91 92 93
8f 90 92 95 97 97 97 96 95 94 93 91 90 91 91 91
90 91 92 95 97 98 97 97 95 95 94 92 91 92 91 8f
91 92 93 95 96 96 95 94 94 95 94 93 93 93 91 8f
