93 93 96 8f 8d 92 91 94 92 93 95 93 8f 8f 91 91
92 94 93 90 8e 8e 90 90 92 91 92 93 91 8e 8e 8f
93 98 94 94 92 8e 92 8e 93 90 91 94 93 8f 8e 8f
94 98 96 96 94 91 92 8e 94 92 91 91 92 90 8f 91
92 92 97 95 93 93 8e 8e 90 93 91 8e 8f 90 8e 8f
92 91 97 95 94 95 8f 90 8d 94 93 8f 90 90 8e 8f
92 93 96 97 97 95 92 92 8e 94 93 90 92 90 8d 90
8f 93 91 96 96 91 93 90 8f 93 90 8e 91 8e 8c 91
8c 91 92 93 97 96 94 96 92 92 90 93 8e 8d 8c 90
88 8f 91 93 96 95 94 97 91 90 90 90 8f 8d 8d 8f
85 8c 91 92 94 94 94 96 91 8f 91 8d 90 8d 8f 8e
83 8a 90 92 92 93 94 95 93 92 93 8f 90 8e 8f 8d
82 87 8d 90 91 94 95 94 93 95 93 92 8e 90 8e 8f
80 83 89 8c 8f 94 97 94 92 94 91 93 8e 90 8e 90
7d 80 86 89 8b 92 97 93 94 92 91 92 91 8f 8e 90
7c 7f 84 87 88 90 95 92 97 92 92 91 93 8e 8e 8f
