2b 29 2a 29 30 2c 2d 2d 2b 2f 32 2d 2f 37 35 31
2a 2e 2f 2a 2d 2e 2f 2e 30 2a 2a 2d 32 37 36 39
28 2e 2d 29 28 2c 2e 31 32 2b 2d 33 38 37 35 3a
28 2e 30 36 33 33 2f 33 34 34 38 38 38 38 37 39
31 30 29 2b 2b 30 32 39 33 34 35 31 31 35 35 37
2d 31 2f 2f 33 39 38 37 3b 37 37 37 39 3b 38 38
2c 2e 2d 29 2f 34 37 38 37 33 34 35 37 37 31 30
32 2f 2e 2b 30 2e 34 38 37 36 36 33 33 37 35 35
31 30 33 29 2c 34 3c 36 36 33 32 30 34 32 34 36
34 29 2c 34 38 35 36 37 39 35 35 34 38 37 3b 3c
30 31 32 34 33 37 39 37 3a 35 37 35 34 33 37 34
32 33 30 36 32 33 35 39 35 32 38 38 35 34 38 34
32 32 2e 37 38 37 34 32 33 31 3a 3b 37 34 37 31
30 36 33 39 3b 38 37 35 34 34 3b 3a 37 32 31 2b
34 37 35 3d 3e 30 36 3e 36 36 39 37 39 36 34 2e
2f 3a 38 35 39 33 38 33 3c 3a 38 33 37 34 2f 2a
