75 69 48 39 33 39 50 57 60 68 7e 84 85 83 84 88
6f 59 3f 33 36 3b 52 5b 5f 6f 84 87 88 85 86 88
62 4e 34 32 36 4f 5a 5c 63 78 86 86 89 86 87 85
58 31 28 30 47 4e 58 5e 6d 7e 82 81 88 85 87 84
46 31 29 3c 49 5e 5d 64 74 81 82 81 86 81 86 87
3a 24 2c 3f 56 54 5c 70 79 81 86 85 86 80 85 8b
2c 2d 31 46 58 64 67 76 7d 80 89 87 87 83 85 8a
27 29 30 45 61 67 6c 77 80 7e 87 85 87 88 87 86
27 2f 43 53 69 68 74 7f 84 86 88 87 86 86 87 88
2c 38 4c 56 6a 6d 78 80 83 84 85 87 89 8b 89 86
39 4a 5d 63 74 79 82 85 83 84 86 88 8b 8c 89 85
42 55 67 6c 7a 7f 84 84 82 86 8a 8a 89 88 88 87
4d 5d 6d 75 81 82 81 81 82 86 8a 8a 88 87 89 8a
5b 67 74 7e 87 84 80 82 86 88 88 87 87 88 88 89
66 70 78 81 85 82 7e 83 89 89 88 86 86 86 87 88
6f 77 7d 82 84 81 7f 85 86 88 89 87 85 85 88 8b
