63 64 60 63 62 64 60 62 5f 62 5d 5d 62 63 63 64
62 62 60 61 60 5f 5d 61 5f 65 64 60 61 62 63 64
63 62 63 62 63 5d 5f 65 62 65 64 62 62 61 61 65
64 62 64 63 66 5e 60 65 66 61 60 62 64 63 62 65
64 61 62 61 66 5f 5e 60 65 5f 61 62 64 66 62 63
62 60 60 61 66 63 61 62 5f 5f 65 62 61 67 62 5e
60 63 61 63 64 65 64 66 62 5d 64 63 63 69 63 60
61 66 63 62 5f 62 61 64 6c 5d 61 66 6a 6c 66 67
62 67 61 66 61 63 5d 66 66 63 62 5f 66 64 5f 6a
63 63 64 67 65 63 64 65 61 62 63 60 65 66 63 69
65 60 6a 6a 6a 64 67 60 60 64 66 62 61 66 65 66
69 63 67 63 66 61 67 63 61 64 66 64 5e 64 66 66
63 66 69 6b 70 6b 65 63 63 63 62 64 5c 62 68 6a
66 68 61 60 63 65 62 67 66 64 5f 64 5b 60 66 6a
6a 6a 68 69 67 69 66 67 66 66 5e 64 5c 60 64 66
64 63 67 6a 67 67 67 61 63 66 5d 63 5e 63 64 65
