6d 72 78 77 74 70 6f 6e 71 6d 6c 6a 60 64 62 62
71 71 77 76 79 73 72 6e 71 6e 6e 6e 65 66 60 5e
6c 6e 76 73 76 6d 71 72 72 6f 71 70 69 67 60 5d
6d 6f 75 75 75 6f 73 77 73 6f 6f 6d 69 67 61 60
70 70 70 76 76 76 72 72 72 6f 6f 6b 6b 69 65 66
6e 72 70 77 73 76 6f 6e 73 71 73 6f 72 6e 6a 6c
70 76 76 78 72 75 72 73 75 73 76 72 76 70 6c 6f
73 74 72 70 70 74 75 74 74 73 76 71 75 6e 6b 6f
76 72 75 76 78 74 75 73 74 71 71 75 77 75 71 6f
6e 6d 78 76 7b 73 7a 79 78 76 75 75 76 76 75 75
72 72 7b 7a 7a 74 78 77 75 76 76 77 77 77 75 73
71 71 71 79 76 7b 78 79 7b 7c 7c 7a 79 78 74 70
7a 78 75 7b 77 7a 76 74 7a 79 77 76 78 79 79 77
72 70 77 76 7b 77 7b 78 79 77 77 79 7b 7c 7b 7a
71 6e 74 6e 73 6c 71 6c 72 6f 6f 70 6f 6a 66 65
75 70 71 6e 70 6e 70 6b 6f 6a 69 6b 69 65 64 68
