63 63 64 67 67 65 61 5f 61 66 65 62 62 61 60 63
68 66 63 62 64 66 65 61 60 63 63 64 66 64 62 65
63 67 69 65 63 64 64 62 63 62 61 64 66 62 60 63
60 65 68 66 63 62 62 60 66 63 62 63 63 61 60 62
67 63 5f 60 63 64 63 61 64 63 63 63 62 63 64 63
67 62 60 61 63 63 63 63 62 62 63 63 62 64 64 60
60 63 65 65 63 62 62 62 65 61 62 63 62 63 62 5e
60 63 64 62 62 63 62 5f 69 60 60 64 63 63 63 61
68 64 67 65 64 67 61 5f 5e 60 61 63 61 61 65 63
64 5f 64 60 63 63 61 5d 5f 63 62 62 62 61 62 61
65 5f 65 5f 65 63 64 60 60 64 61 61 64 62 61 61
64 60 64 5f 63 61 64 5f 61 67 62 61 66 63 61 61
63 62 61 61 61 62 63 60 63 68 62 61 66 63 60 60
62 62 60 62 61 62 64 60 60 64 61 61 65 63 63 62
60 60 5f 5f 60 5e 62 5d 5e 61 60 62 64 64 66 64
63 62 63 60 64 5d 64 5d 61 63 62 64 63 62 65 62
