86 82 86 82 84 85 89 89 87 84 84 86 81 87 88 83
86 83 87 83 85 85 87 88 86 84 83 86 81 88 89 84
86 83 86 82 84 85 86 88 86 84 83 86 82 88 88 84
86 84 84 81 84 86 86 8a 87 85 83 85 83 88 87 84
86 84 83 82 85 88 84 89 86 85 83 85 83 87 86 85
84 84 82 83 85 86 7f 84 84 84 82 84 83 87 85 86
84 85 82 83 83 84 7d 85 82 84 82 84 83 85 84 87
86 88 84 84 83 85 80 8b 82 85 83 84 82 84 83 87
85 8a 83 83 84 87 82 87 8a 85 88 84 84 87 8b 81
82 86 80 7e 81 83 80 84 85 82 87 86 83 82 87 83
83 86 84 80 85 85 84 86 85 7f 83 85 86 84 87 84
81 83 85 82 88 85 85 83 86 81 83 83 85 83 86 83
80 81 84 82 87 84 84 82 85 86 89 83 7f 7d 82 82
83 83 84 83 85 85 85 83 86 87 87 81 81 7f 83 83
83 83 83 84 82 84 84 82 89 84 82 7f 86 84 85 83
84 85 84 88 84 87 84 82 88 84 82 81 86 80 81 83
