99 97 94 99 96 97 94 96 95 94 96 92 95 92 93 90
93 93 94 98 98 97 95 96 93 92 94 93 94 92 92 90
97 96 98 98 98 94 93 93 92 93 93 94 93 93 91 91
94 92 95 94 98 95 98 99 94 95 92 95 91 93 90 91
99 96 96 93 95 91 93 91 96 95 92 94 90 92 90 93
94 92 93 93 96 96 96 95 97 95 93 94 92 92 93 96
97 97 94 94 93 94 93 93 97 94 94 93 93 91 93 96
95 95 91 92 8f 94 94 97 96 92 94 91 93 8e 91 92
96 95 97 96 94 91 98 96 8f 91 94 93 91 94 95 91
96 95 97 97 96 92 98 93 8f 92 95 94 91 92 94 93
96 94 95 95 96 92 95 90 91 91 93 94 92 92 93 92
95 93 92 92 94 90 92 8e 95 90 8f 92 93 93 92 8f
93 94 93 92 95 8f 91 8d 94 90 90 93 93 92 91 90
92 96 96 95 98 91 91 8e 90 8f 92 94 90 8e 8f 90
94 97 96 94 98 92 92 91 8e 8f 92 93 90 8f 8f 8e
96 98 94 91 96 91 92 93 91 90 91 93 93 94 92 8d
