84 87 87 84 83 84 85 83 85 81 84 83 85 88 84 85
85 85 85 84 84 84 84 84 84 81 83 83 85 88 84 85
86 85 84 85 85 84 83 84 84 82 83 82 85 88 85 84
86 86 85 85 84 84 84 84 84 83 82 83 86 88 86 84
83 87 87 83 81 83 84 82 83 83 82 83 85 87 86 83
82 87 88 82 7f 82 83 80 81 83 81 82 84 85 86 83
84 87 88 83 80 82 82 80 80 84 81 82 83 83 86 83
87 87 87 84 83 82 81 81 7f 84 82 83 83 82 86 83
80 82 82 82 82 7f 7d 7d 80 80 7f 82 81 84 7e 82
80 82 82 83 83 80 7e 7f 82 82 82 81 82 84 80 82
81 83 83 83 84 81 7f 81 83 83 84 80 83 85 83 84
83 83 82 83 84 81 7e 7f 80 82 85 7e 84 86 87 87
84 83 81 82 84 81 7e 7f 80 82 86 7f 85 86 86 86
84 82 80 82 84 81 7e 80 82 83 86 81 84 85 83 84
84 83 82 83 84 80 7f 82 83 84 84 83 83 85 82 86
85 85 84 85 84 7f 7e 83 82 82 81 83 82 86 84 8a
