63 63 60 5f 64 60 64 64 66 63 60 65 64 64 64 69
5b 60 60 66 69 67 66 66 66 64 61 66 65 65 64 66
5f 64 60 67 67 68 66 68 64 63 60 64 63 64 61 61
64 66 60 63 65 67 67 68 62 63 61 63 60 63 60 5f
61 61 5f 61 68 67 68 65 64 66 64 64 61 63 62 63
63 63 61 5f 67 64 66 62 65 67 65 66 61 63 63 65
66 67 62 61 64 63 64 62 65 66 64 66 62 63 63 66
60 66 61 65 64 67 65 65 66 65 63 66 63 64 63 65
61 61 62 63 62 67 61 67 67 68 69 65 6a 67 66 64
5d 5d 61 60 64 65 62 65 6a 6b 67 64 64 64 62 62
5e 5e 63 60 67 65 64 64 68 6a 66 66 63 68 66 69
61 62 64 62 67 65 64 63 64 67 64 63 61 63 61 63
5f 63 60 62 61 63 61 61 5f 61 62 5f 62 60 61 62
5b 61 5d 60 5e 60 60 61 5e 5f 61 5e 64 64 67 68
5a 61 5f 5f 5f 5f 62 62 61 62 60 5e 60 61 62 64
5b 62 62 5f 62 5e 64 62 5f 61 5d 5f 60 65 63 65
