69 6c 67 6d 65 69 66 65 62 63 64 63 63 61 62 63
66 68 68 67 65 67 68 62 65 64 5f 61 64 65 61 60
6a 6b 6e 65 67 65 67 5f 5e 65 62 64 62 64 61 67
69 69 70 67 69 68 6b 65 60 66 61 66 64 69 62 66
69 68 6e 6a 67 68 67 66 65 6a 65 68 63 67 62 65
68 67 6c 6b 65 68 64 67 67 6b 6a 68 5f 62 64 69
63 63 6a 68 66 6d 68 6a 6b 67 65 64 61 66 68 63
68 67 6d 67 64 6b 65 61 69 65 69 67 60 62 67 60
6c 69 68 68 65 67 66 6c 68 6a 69 61 65 64 67 66
6f 6b 6a 69 68 69 67 6c 65 67 6a 62 67 63 65 62
6d 69 6a 69 69 69 68 6a 66 67 68 61 66 64 66 64
6a 67 69 68 6a 69 67 68 67 68 64 62 64 67 66 66
6a 68 6b 6b 6b 6b 67 67 64 67 61 66 64 6a 63 62
6b 6b 6c 6e 6a 6d 66 67 67 6a 62 66 62 69 62 63
6c 6e 6b 70 68 6f 67 6b 6c 6d 67 64 62 64 63 65
6d 70 6b 71 68 72 6a 70 6a 6b 6c 65 65 60 60 61
