96 95 94 93 93 94 92 90 94 93 92 91 8f 8f 90 92
92 93 95 94 92 91 90 91 92 91 91 92 92 91 90 91
94 94 94 95 94 92 92 94 91 8e 8e 92 93 92 90 90
9a 94 91 92 95 95 95 95 92 8f 8e 91 93 92 91 91
99 94 90 91 94 95 95 95 93 91 91 92 93 92 91 92
94 94 94 94 93 93 94 95 90 91 92 91 91 91 90 8f
92 95 96 94 93 94 95 94 8f 92 92 8f 8f 90 90 8d
94 95 94 91 92 96 96 93 93 95 93 8e 8e 92 93 90
97 94 90 8f 91 93 93 93 95 95 94 91 90 91 90 8e
93 94 94 92 90 90 93 95 93 91 90 90 90 8f 8f 91
95 94 93 93 94 95 95 95 95 90 8f 92 92 8f 90 94
95 92 90 91 94 96 95 93 97 93 91 93 93 8f 90 93
90 90 90 90 90 91 92 94 93 93 92 92 91 91 91 91
93 92 91 91 92 93 94 94 8f 92 92 90 90 94 95 93
96 94 93 94 96 96 95 94 90 93 92 8f 90 94 96 95
91 93 96 95 92 91 92 94 93 94 92 8f 8f 92 95 95
