65 5c 62 5e 63 63 60 65 66 68 6c 6a 67 6a 6b 6b
60 5d 60 64 64 69 60 64 66 67 6a 69 67 6a 6b 69
65 62 62 62 60 67 62 67 69 69 69 6a 6b 6d 6e 6a
64 63 69 63 65 64 63 63 69 68 66 68 69 6c 6e 69
61 62 68 63 64 63 65 66 69 69 66 69 69 6b 6f 6c
63 64 61 62 5e 63 64 69 6a 6b 69 6c 6c 6b 72 6f
63 63 61 66 63 64 62 64 66 69 67 6c 6b 69 6f 6c
69 63 61 60 65 62 66 67 65 69 67 6e 6d 69 70 6b
60 61 61 64 62 65 64 65 64 68 68 6b 69 6b 6c 73
65 62 5e 62 63 67 64 62 66 6b 6b 67 69 6c 70 71
5d 5e 5e 62 62 66 65 65 66 6a 6c 66 6c 6d 71 70
64 65 61 61 5c 60 63 68 66 66 68 6b 71 6e 6f 71
66 66 63 65 63 66 65 66 68 68 66 6b 6e 70 6e 73
5e 61 63 67 65 67 66 67 6c 6e 67 68 69 70 70 73
63 65 63 63 5e 61 64 69 6d 6d 69 68 6b 6f 6f 71
61 63 63 69 69 6b 67 65 6a 68 6a 6c 72 6c 6c 6e
