62 61 61 62 63 67 69 68 66 6a 69 6c 6a 66 68 65
64 62 63 64 64 65 67 67 67 67 65 69 6a 65 66 63
64 61 63 65 64 63 64 65 68 65 62 67 69 65 65 63
63 60 63 66 64 62 64 65 69 67 65 66 67 66 66 64
64 61 64 68 66 64 65 66 66 68 69 66 64 66 66 65
64 62 64 66 65 64 65 65 63 68 6b 65 61 65 64 63
62 61 62 64 63 65 66 65 63 66 6b 65 61 64 61 62
61 60 61 63 63 67 69 66 65 65 6a 65 63 64 60 61
66 5f 62 65 62 69 67 64 64 6b 60 62 5f 65 5f 5e
64 62 66 66 60 68 66 63 5e 66 60 64 60 63 5b 59
65 68 6b 69 61 68 68 65 61 67 62 66 61 61 5d 5d
63 65 67 67 60 64 64 63 62 67 63 65 5f 5e 5c 5d
62 63 61 65 61 62 62 62 62 66 65 67 61 5e 5c 5a
64 64 5f 65 63 62 62 63 65 67 65 65 60 5e 5e 5a
61 64 5f 62 60 60 60 61 64 63 61 5f 5b 5b 5e 57
62 68 62 63 60 60 62 62 61 62 62 61 5f 5e 5f 53
