90 8f 8e 8f 90 91 92 93 95 96 98 95 92 95 9a 9b
92 90 8e 8f 90 91 93 94 92 94 96 96 93 95 99 99
92 90 8e 8f 91 92 93 94 93 92 94 95 93 94 99 9b
91 90 90 92 93 93 93 94 94 93 95 97 95 95 98 9a
92 92 93 94 94 94 94 96 93 93 97 9a 99 96 96 96
94 92 91 92 92 93 94 96 95 94 96 97 96 95 97 96
95 92 90 90 92 93 94 95 96 94 95 94 93 96 98 98
96 93 90 92 95 96 95 94 91 93 96 97 97 98 98 94
92 92 91 95 92 92 98 94 98 95 98 99 99 9b 97 95
94 93 90 92 90 91 99 97 96 95 9a 9b 9b 9c 99 99
93 93 91 93 92 93 98 97 94 95 9b 9b 9b 9c 9a 9c
94 93 93 94 93 94 96 96 94 95 99 98 99 9a 98 9b
98 96 93 91 92 94 96 99 95 96 97 95 98 9a 98 9d
97 96 95 93 94 96 94 97 97 97 96 94 99 9c 9b a1
94 95 97 95 98 98 92 95 97 98 96 94 9b 9e 9d a4
96 96 96 93 97 98 93 97 97 99 97 95 9b 9e 9c a4
