86 85 87 84 8c 82 83 86 87 81 81 86 8b 8a 8e 87
86 85 87 84 8c 83 84 86 86 80 81 85 8a 8a 8e 86
87 85 88 85 8b 83 84 85 86 80 80 85 8a 8a 8e 86
87 85 87 86 8a 84 84 85 86 81 81 85 8a 8a 8e 86
87 84 86 86 87 84 84 84 85 81 82 85 88 88 8d 86
86 84 85 86 84 83 84 83 83 82 84 85 85 84 8b 85
86 83 84 85 82 82 84 82 82 83 86 85 83 81 89 85
86 83 83 84 80 82 84 82 82 84 88 86 82 7f 88 86
81 84 82 85 81 84 81 81 82 82 7e 83 85 7f 83 87
82 83 84 82 82 82 82 80 80 84 7f 7e 81 82 85 84
85 86 88 82 84 82 84 81 87 82 7d 81 83 7e 7f 85
88 88 88 84 85 85 85 81 84 85 82 80 81 82 83 83
87 88 85 85 84 86 83 80 81 84 84 81 82 84 84 85
87 86 83 87 85 87 81 80 84 83 84 84 84 81 7f 86
87 85 86 8a 89 86 82 83 82 88 89 7f 7f 85 82 80
87 84 88 8a 8c 83 83 85 84 83 85 80 82 84 81 85
