62 62 61 63 62 62 63 65 62 67 5c 61 63 65 67 61
62 63 60 64 5f 62 60 64 64 65 62 60 63 63 62 61
62 65 62 67 61 66 64 69 61 5f 64 60 65 63 64 67
60 63 62 64 61 63 64 67 65 63 65 63 65 61 62 67
62 63 65 61 62 5f 63 64 66 68 60 66 65 61 64 67
65 64 69 62 66 61 67 66 64 68 5c 65 65 63 67 68
62 62 65 61 64 62 66 65 69 69 62 65 66 63 63 63
63 64 64 62 62 63 64 64 67 65 66 63 68 67 65 65
61 63 63 61 64 60 65 65 6b 65 65 63 66 64 60 69
5f 61 64 66 69 65 69 67 63 64 66 67 65 63 63 6a
61 60 63 64 64 62 68 63 66 65 61 68 66 68 65 61
68 64 67 67 65 63 69 62 66 6a 65 6c 62 65 66 62
61 5f 64 68 67 63 67 5f 65 6b 67 6e 64 67 68 65
63 63 67 6a 6b 68 6c 67 68 69 66 6c 69 6c 67 62
63 64 65 65 67 64 68 66 67 68 6a 6a 68 67 62 64
60 65 67 67 6a 64 65 64 6b 66 65 63 6a 69 61 62
