84 87 7f 81 80 84 86 81 84 86 85 83 81 7f 7f 82
83 86 7f 81 80 84 85 81 83 86 85 83 82 81 80 82
82 85 7f 81 80 85 85 81 82 86 85 82 81 80 80 82
83 84 80 81 80 85 84 82 83 86 85 81 80 80 80 82
84 85 81 80 7f 85 83 82 82 85 85 82 82 81 81 83
85 85 82 80 7e 84 81 81 7e 81 82 83 83 80 7f 82
85 84 83 80 7e 84 7f 7f 7e 7f 80 83 83 7e 7d 82
84 84 84 81 7e 83 7d 7c 83 81 80 83 82 7d 7d 85
82 82 80 88 7f 82 86 7e 86 80 80 7f 81 80 7c 83
80 86 81 83 82 82 80 81 83 80 81 7f 80 81 7d 82
80 86 82 84 83 82 81 83 80 81 82 7f 80 81 7f 81
82 80 83 86 80 83 87 82 80 82 81 80 81 81 7f 81
82 7d 83 83 7f 82 86 80 83 83 80 81 82 7f 80 83
82 82 84 7f 83 83 80 82 85 84 7f 80 82 7f 81 84
83 83 86 7f 84 83 80 82 84 84 7e 7f 82 80 83 82
85 7e 88 83 7f 81 84 81 81 85 7e 7e 81 82 84 81
