81 7f 85 81 7e 87 89 85 85 84 83 81 81 86 7e 80
81 7e 84 83 80 87 88 85 86 84 82 80 81 86 7e 80
82 7f 84 83 81 85 86 83 86 84 82 80 81 87 7e 80
80 81 83 82 81 86 87 83 85 83 82 80 81 86 7e 80
7e 83 83 7f 80 86 89 84 83 83 84 82 81 85 7d 81
81 87 84 7f 7f 83 86 81 82 83 84 82 80 85 7d 81
83 86 82 82 82 80 83 81 83 83 83 81 80 85 7e 82
80 82 7e 83 85 81 84 85 84 83 82 7f 7f 85 7e 83
81 7f 7d 82 82 83 80 81 83 7f 82 87 80 82 84 81
7f 7f 7e 82 7f 80 7f 82 80 7e 80 86 80 83 85 83
7e 7f 80 83 80 80 7f 83 7f 80 7f 88 7f 86 84 85
7d 7f 81 85 81 80 7f 83 83 80 85 83 85 82 87 83
7e 7f 7f 83 7f 7f 7f 83 82 84 82 87 81 85 82 83
81 80 7f 81 7e 7f 80 84 7f 84 7f 87 7e 86 7f 83
81 81 80 83 7f 7f 80 84 80 80 86 7e 87 7f 85 82
7e 80 81 84 7f 7f 7e 81 80 86 80 86 80 88 81 84
