63 65 67 66 63 63 64 62 64 61 5f 61 58 5c 5c 5b
65 66 68 65 60 60 63 63 60 62 5d 5c 59 5c 59 5a
68 67 66 64 60 61 64 65 61 65 5f 5b 5c 5e 59 5b
69 65 64 64 64 66 68 67 60 63 5e 59 5a 5b 57 56
68 67 68 68 67 68 69 68 61 5e 5e 5a 58 59 5a 54
68 69 6c 6c 65 63 65 67 62 5c 5e 5b 58 58 5c 56
67 68 6a 69 62 60 63 65 60 5b 5c 58 58 54 56 55
67 64 64 64 61 60 62 64 61 60 5d 57 5b 53 53 57
63 64 64 63 62 5d 63 5f 5b 5d 58 58 5a 55 53 54
65 64 63 63 62 5d 62 5d 5d 5c 57 54 53 51 52 54
65 62 61 60 61 5d 5f 59 5b 59 59 58 55 54 55 56
64 5f 5d 5b 5d 5b 5c 57 54 51 54 54 50 51 52 51
63 5c 5b 59 5b 5b 5b 57 59 53 54 51 4e 52 53 53
61 5b 5c 58 5b 5b 5a 58 55 50 53 4f 4e 52 4f 50
5f 59 5d 59 5a 59 57 56 54 53 57 52 53 56 4f 52
5c 58 5d 59 58 56 54 52 55 54 55 4d 4d 50 4a 4f
