99 98 97 99 94 98 97 93 96 95 94 96 99 97 94 96
98 98 96 97 94 97 96 95 96 96 94 94 96 97 97 9a
97 9a 98 99 97 99 97 99 98 99 97 94 96 97 98 9a
94 99 96 98 98 98 94 97 94 97 95 93 94 95 94 94
97 99 96 98 98 98 94 99 93 95 94 93 96 97 96 94
9a 99 95 98 97 98 96 9a 97 98 95 94 97 98 97 97
97 93 91 96 94 95 94 96 96 96 93 92 94 93 92 94
97 92 92 9a 97 98 97 96 95 95 94 94 96 94 94 97
8f 90 93 95 96 96 96 96 95 9c 99 92 97 96 97 93
91 92 93 93 94 95 95 95 94 97 96 94 98 95 97 94
8c 8d 8d 8c 8e 91 93 93 92 90 91 93 95 91 95 94
85 85 84 85 88 8d 8e 8d 94 8e 8e 91 91 8e 97 96
83 81 80 82 86 89 89 87 8f 8b 8b 8b 8c 8c 96 94
7f 7c 7c 80 84 84 84 84 86 86 87 86 8a 8a 93 91
77 75 76 7b 7d 7a 7b 7f 7e 81 81 81 87 86 8b 8c
74 72 73 77 76 71 72 78 73 76 75 75 7c 79 7d 80
