72 7a 77 76 80 85 82 84 81 80 81 7e 84 83 86 87
6b 74 78 7a 82 86 85 86 82 82 83 81 86 85 88 87
67 71 79 7e 82 85 85 84 83 81 81 7e 83 85 89 88
6d 72 7b 81 81 83 83 80 81 80 80 80 83 87 8a 89
71 72 7b 82 82 84 85 7f 81 82 85 88 87 8b 8c 88
6d 6f 78 81 84 86 86 82 85 85 86 88 83 89 8c 88
6c 6f 78 81 84 85 85 84 88 87 86 85 7e 86 8b 89
70 74 7c 82 83 82 84 86 86 87 89 8b 81 89 8b 88
6f 77 7a 7e 86 86 82 85 81 8a 8a 88 86 88 8a 86
71 78 79 7b 82 83 81 85 80 8a 8a 8e 89 8c 89 85
71 79 7a 79 7e 80 81 84 84 89 83 89 84 89 88 88
70 7a 7e 7c 7e 80 82 84 84 86 85 8b 8b 8b 89 87
6f 7a 82 82 81 83 84 85 8a 86 83 83 88 87 8d 8d
72 7b 82 84 83 85 86 85 82 81 85 86 8e 87 8a 86
78 7b 7f 82 82 84 85 84 86 85 85 84 8b 89 8e 8c
7d 7b 7b 7e 80 83 84 83 83 84 82 85 88 89 8c 8a
