65 67 63 69 65 66 64 63 61 61 68 64 5f 65 68 69
65 66 64 69 69 66 65 65 66 60 64 66 64 62 5f 63
66 65 65 67 69 64 66 66 63 63 64 62 63 64 5f 5f
68 67 67 65 68 63 66 64 61 66 66 61 62 63 61 63
66 68 69 65 67 63 66 61 65 64 61 63 65 5f 5f 66
60 65 66 65 66 63 64 5e 64 61 5d 61 65 62 61 60
5f 62 61 66 64 61 60 5f 61 61 5d 60 62 64 64 5c
63 63 5f 68 64 60 5f 63 67 61 5e 65 62 5d 60 5e
64 64 60 5d 63 64 61 67 61 5f 63 65 60 5e 5e 5a
67 66 60 5e 64 63 5e 62 65 65 62 66 61 61 5f 5f
64 67 65 64 63 5f 60 67 60 6c 66 68 61 65 63 61
69 65 5f 63 6a 69 66 65 67 6b 61 65 61 67 66 5d
67 68 65 68 69 66 67 67 6d 68 64 66 62 64 6c 69
6b 68 60 65 6b 6c 6a 61 65 68 6d 69 6a 75 78 6c
66 6b 67 69 68 67 6c 65 63 6a 6a 66 74 82 68 4f
69 6e 69 6a 68 68 6d 63 65 6c 69 67 6c 69 40 36
