6a 69 6f 64 6b 69 68 60 66 68 64 64 63 68 66 64
65 65 69 65 65 68 67 68 64 65 64 67 65 66 65 66
67 68 68 6d 67 6c 67 6b 67 67 66 69 64 63 61 65
6b 69 65 69 65 6b 63 65 6a 69 66 68 63 62 60 63
70 6c 68 66 67 6c 6a 6b 69 68 65 66 63 66 63 63
67 66 69 64 66 66 66 66 66 67 64 66 65 68 64 62
6a 68 6c 6b 6c 68 65 66 67 66 64 68 65 65 63 64
72 69 67 69 6b 68 65 68 67 65 64 68 64 62 62 68
6c 6b 6c 66 65 63 68 65 60 66 61 68 65 5f 61 62
6b 69 6c 6b 6a 66 65 62 60 66 61 68 66 61 63 64
6c 68 67 6b 68 66 63 62 62 65 60 66 63 5f 60 5f
6a 68 66 69 63 65 64 65 65 66 62 65 60 5e 5e 5c
66 69 68 6a 63 66 66 65 66 66 64 66 61 62 62 5f
66 68 68 66 61 65 67 67 64 63 63 65 5e 62 63 61
69 66 65 63 63 64 68 66 63 62 64 64 5c 62 64 61
69 63 66 67 6b 66 66 62 64 63 66 66 5e 65 68 66
