96 93 95 97 96 96 95 8e 92 92 90 91 92 91 93 90
95 95 95 95 93 94 95 95 92 92 90 92 93 91 93 91
91 94 97 98 99 96 92 92 91 92 90 92 92 91 92 90
97 97 93 93 97 96 92 93 91 92 90 91 92 90 91 8e
98 97 92 92 96 95 92 95 91 93 90 92 91 8f 90 8d
93 95 96 97 96 94 93 96 92 93 91 92 91 8f 90 8e
98 95 95 95 93 92 96 99 92 93 91 92 91 8f 91 8f
98 94 96 99 98 96 96 93 91 92 90 91 91 8f 91 90
99 99 97 96 98 95 92 97 93 90 92 94 92 8e 8f 90
98 98 95 95 97 95 92 96 94 91 91 91 8f 8f 8f 8e
97 96 93 94 96 94 92 94 95 93 92 92 91 93 91 8c
98 95 93 94 96 95 93 93 96 93 92 92 92 93 92 8e
9b 96 95 96 97 96 95 94 98 91 8f 90 8f 8f 91 92
9a 95 94 96 96 96 95 94 94 8f 8f 92 90 8e 8f 90
98 93 93 96 95 95 96 94 91 8f 91 93 92 90 8f 8d
98 93 94 97 95 96 97 96 94 92 90 8e 8d 8f 90 8e
