58 57 55 5e 60 58 5f 69 63 6c 67 63 66 6c 68 67
59 5b 59 5e 61 5f 63 66 6d 66 61 67 66 66 6a 64
56 59 59 5c 60 60 62 62 5f 6a 66 62 64 69 6e 6c
55 56 57 5d 61 5e 5f 63 60 6b 6a 68 67 6b 66 70
57 59 5c 60 62 60 60 66 67 63 68 6a 65 79 6a 68
57 5b 5f 5e 5f 61 60 63 62 64 66 62 65 81 6d 67
56 57 5b 5b 5f 61 5d 60 64 66 65 65 6d 6f 63 6b
58 52 56 5c 63 62 5b 61 5f 61 66 67 6b 69 6e 68
56 51 52 56 5e 60 5c 63 64 65 66 69 64 67 65 6c
59 54 53 53 59 5f 5d 62 69 65 65 67 67 6a 67 6a
57 53 55 57 5b 61 61 60 66 64 68 67 68 67 66 69
56 53 57 5b 5d 62 64 61 62 62 6a 68 6a 66 67 6a
5c 56 56 5c 5d 5f 63 64 66 61 66 66 6d 6c 6b 6b
59 56 56 5e 60 5e 62 63 66 62 64 65 69 6b 6b 6e
55 58 59 60 64 60 60 60 64 63 65 66 65 68 69 6f
59 5e 5b 5e 62 5f 60 5f 67 63 62 67 67 6c 68 6a
