60 62 61 5e 6b 6a 66 64 63 60 69 67 61 66 5e 63
61 68 63 66 63 67 60 63 67 62 63 62 60 67 62 62
63 67 6a 67 66 64 66 66 64 64 62 64 63 69 65 5e
62 61 66 61 65 63 67 64 60 66 63 66 63 67 67 5f
64 64 60 64 5f 65 63 62 60 66 61 63 5f 64 68 62
65 66 65 64 62 63 63 64 61 65 61 64 62 67 69 61
61 62 64 5f 67 60 62 63 61 64 62 66 65 69 67 61
61 65 5f 63 68 69 61 64 61 62 62 63 60 65 66 65
67 63 68 63 64 63 64 68 66 65 67 66 65 65 66 62
63 62 67 66 68 69 65 66 60 5f 5f 61 60 63 62 60
67 65 64 63 64 68 64 62 62 62 60 65 62 68 66 64
5d 5f 61 63 66 6a 64 5f 63 64 60 67 61 68 64 64
62 65 65 64 64 62 5e 57 62 62 60 66 5e 64 61 62
5d 5f 60 5e 62 61 66 63 62 62 61 65 5f 63 62 63
5d 5e 64 61 68 5f 66 61 61 60 60 62 60 61 62 62
62 60 64 5f 69 5f 6c 69 63 60 61 62 62 62 63 62
