66 68 6a 65 67 67 62 68 69 67 68 6a 6a 6d 6e 67
68 68 68 67 6a 67 64 6a 67 67 68 68 66 69 6c 69
6a 69 64 67 6a 66 67 6d 67 67 68 67 65 68 6a 68
69 69 61 64 68 64 68 6c 69 67 66 67 69 6b 6a 66
66 69 61 62 67 65 68 69 68 67 66 66 69 6a 69 67
63 67 63 64 67 66 65 65 65 67 66 64 64 64 66 6b
64 65 65 65 68 66 62 66 62 66 65 63 63 62 65 6b
66 63 65 64 67 65 5f 68 62 66 64 63 65 65 65 69
61 66 66 61 61 62 64 66 61 63 66 63 66 63 68 6d
67 62 5e 61 65 64 62 65 67 63 62 62 69 66 67 68
63 63 60 5f 62 63 62 62 66 61 62 65 6b 68 65 62
5f 62 61 5f 61 64 63 62 62 62 64 66 67 66 66 63
61 5d 5c 62 68 66 63 66 62 64 66 63 60 65 69 67
5e 5f 60 62 65 63 62 66 63 65 66 66 61 67 69 64
5b 62 64 61 5f 5f 62 65 62 62 64 69 63 67 67 63
61 5f 5e 61 63 61 62 6a 65 60 61 67 5f 62 66 69
