64 63 63 64 5e 64 64 5d 67 6b 6e 6c 66 6a 63 67
61 61 67 66 63 64 66 65 68 6b 69 63 66 66 64 67
63 5e 65 63 69 66 64 68 68 6b 67 62 6a 66 66 64
66 60 63 63 6b 67 60 68 68 6b 67 66 6a 66 68 62
66 66 65 68 69 65 5e 6b 69 69 65 68 61 63 68 62
65 67 61 66 67 65 60 68 66 67 66 68 5f 63 65 61
62 64 5c 61 67 64 63 61 63 66 66 64 64 65 61 62
5d 64 5f 61 66 5e 65 5f 64 66 64 59 65 65 5f 66
5f 6a 5d 5d 6b 61 61 61 66 6c 66 5d 62 6a 67 62
64 63 62 61 68 65 64 65 66 63 61 67 6b 66 64 6a
66 5a 64 62 62 64 62 64 62 62 64 68 69 65 63 67
6a 5d 67 65 64 64 63 64 60 65 66 62 62 65 65 63
67 62 65 66 67 62 62 64 63 62 62 63 63 64 66 68
62 64 62 64 67 5f 63 63 63 5f 61 65 64 63 66 68
64 64 65 65 66 61 67 66 64 61 64 65 63 63 65 64
65 61 65 63 60 60 67 65 67 61 64 69 65 62 65 68
