74 70 74 73 6d 71 77 77 72 77 75 76 74 76 7d 79
71 6d 72 74 72 74 76 73 76 77 79 76 74 78 79 77
74 70 72 73 71 73 76 73 75 73 79 75 74 7a 77 76
72 73 75 75 71 71 77 77 73 72 76 75 75 7a 78 76
6d 72 75 78 75 72 76 74 74 76 74 77 77 78 7b 76
70 74 71 75 75 71 73 70 74 76 73 77 78 77 7d 77
72 76 71 73 73 6f 73 71 73 74 76 78 78 79 7a 78
6c 75 73 77 76 70 75 75 77 75 7c 7a 78 7b 76 77
70 74 76 77 78 70 75 72 70 70 74 7a 79 73 77 79
72 75 73 72 74 70 70 6f 71 77 77 75 76 79 7c 78
7b 7b 73 6e 71 75 72 77 70 79 74 6f 73 79 7a 76
72 78 74 71 75 7a 6f 75 75 7c 75 76 7a 7c 79 7a
72 76 72 6d 6f 76 70 7a 75 7b 76 7c 7f 7d 78 7b
6e 74 74 74 76 75 70 76 71 78 74 7a 7a 7b 76 76
72 72 70 70 74 71 72 75 75 79 74 7b 77 7c 79 78
71 70 70 75 7b 72 74 70 7a 78 71 7b 76 7b 7a 7c
