9d 9d 96 9a 98 98 94 95 98 95 95 94 9a 92 91 95
9a 9a 97 94 96 97 9a 9b 95 94 95 94 99 92 92 96
9b 9d 9e 96 98 95 97 96 95 96 96 94 96 92 92 93
96 98 9c 98 9b 99 98 99 96 98 97 94 94 93 94 93
9d 9b 9a 9a 98 98 92 98 97 97 96 94 93 97 97 95
96 93 95 9b 9b 9e 98 a0 97 96 94 94 91 96 95 92
97 94 98 98 9a 9b 94 9a 96 96 95 96 90 94 93 90
96 92 96 8e 93 95 93 98 95 95 96 9a 93 96 95 93
97 95 93 95 98 98 96 93 96 96 95 98 9b 97 93 97
9a 98 95 94 94 96 98 99 94 96 98 99 98 95 95 9a
97 97 97 96 95 95 96 98 94 93 93 94 94 96 96 95
96 96 96 96 96 95 95 94 95 92 93 93 92 95 97 92
99 97 95 94 96 97 97 96 95 96 99 98 92 93 96 96
9a 98 96 97 99 9a 98 96 96 95 96 95 92 92 93 93
96 96 97 98 99 98 97 95 97 93 8f 8f 93 92 90 91
95 95 95 94 93 93 95 97 96 94 90 90 93 92 91 96
