6a 69 63 68 6b 65 5d 65 68 65 65 5e 60 60 63 5c
6e 68 63 68 67 66 63 67 62 62 63 5e 61 5f 61 5f
69 64 64 6a 66 67 64 62 61 64 64 60 63 60 61 64
6b 67 61 62 60 64 64 64 60 63 60 5e 61 5d 5c 62
64 69 65 66 68 67 5f 5f 67 69 64 63 66 63 60 66
67 6b 63 62 65 65 5f 64 63 64 60 61 62 62 5f 63
62 66 64 67 66 65 5f 61 63 64 62 65 63 65 62 63
65 63 63 67 62 64 64 65 62 63 63 67 63 66 63 62
65 62 66 65 63 67 66 67 66 6c 65 61 63 62 65 64
69 65 68 66 65 68 65 64 5f 66 63 63 66 63 62 60
6b 67 68 67 66 68 66 63 64 67 64 65 68 66 66 65
68 66 67 66 65 68 69 66 68 66 62 63 65 65 65 66
64 65 67 66 64 67 6b 6a 67 64 64 65 66 65 62 61
63 67 67 67 65 67 6c 6a 6a 67 68 68 66 67 64 61
65 68 67 68 67 68 6c 65 6b 67 68 64 61 65 64 61
66 68 66 68 69 6a 6b 61 6a 67 6a 66 62 67 65 61
