86 85 86 89 8a 86 83 82 83 86 86 83 81 83 84 82
86 88 89 89 87 84 84 86 84 85 84 81 82 85 85 83
85 87 89 88 87 87 88 88 82 84 84 83 85 87 84 7f
85 86 86 88 8b 8e 8a 85 84 84 84 83 84 86 83 7f
87 86 86 88 8c 8d 88 82 87 86 83 80 80 83 84 83
84 85 86 87 88 88 87 85 83 84 83 82 82 84 84 83
81 82 84 85 84 83 84 86 81 82 84 85 85 84 82 80
82 81 82 84 83 81 81 83 85 84 83 82 82 83 83 82
84 7e 82 84 82 83 86 7f 87 85 7f 82 81 85 82 83
82 7c 7e 80 80 84 87 83 83 85 84 85 82 82 83 86
83 80 7d 7e 7f 83 84 84 81 84 87 85 84 82 85 87
84 85 80 7f 7f 82 80 83 7e 7e 81 7f 83 81 82 7e
81 86 82 81 80 82 7f 83 84 82 83 82 89 88 87 81
7f 86 82 83 7f 83 7e 82 7f 7f 80 80 83 84 83 80
80 85 80 82 7e 84 7f 82 7f 81 80 81 81 85 84 83
81 83 7e 81 7c 85 82 83 7f 81 7d 80 80 87 85 83
