32 2a 33 36 35 36 32 39 39 32 2e 38 37 31 37 38
33 2d 39 30 35 36 37 31 36 32 30 33 36 30 2f 38
34 32 37 35 33 40 3b 33 33 31 33 33 38 34 2e 3d
36 30 2f 38 32 41 3a 36 31 31 33 34 37 34 31 3c
3b 30 32 35 37 3a 3a 36 32 31 2e 32 31 2e 34 36
34 30 2e 30 32 35 34 32 35 32 2d 31 2f 2f 39 38
34 37 32 37 37 3a 36 38 35 35 32 32 35 37 3b 3e
30 31 32 30 3a 2f 31 34 33 36 37 33 39 3b 36 3e
31 31 39 3a 36 32 31 35 34 37 31 30 34 3b 35 3c
2b 27 2c 2d 2c 34 36 31 38 3a 34 34 33 36 3f 43
2f 2e 33 36 35 35 33 34 39 39 33 36 33 33 47 4a
37 34 30 2f 35 34 2f 37 36 34 31 32 36 34 47 4e
36 30 2e 2b 2c 2e 2d 31 32 32 33 2f 35 34 40 51
41 27 25 2c 28 2a 2d 2a 2f 32 34 2e 31 32 3b 51
6e 48 30 28 26 2d 2f 2b 2e 32 31 32 32 34 3e 4b
9e 97 72 3f 2d 30 2f 31 2f 32 2d 38 36 3a 45 45
