65 66 63 61 60 62 58 5f 5e 67 60 62 60 65 5b 5d
62 60 63 61 5e 60 5d 5f 5d 63 63 64 63 62 5f 64
5f 5c 63 61 5d 5f 62 5f 64 62 62 61 62 5e 61 66
61 60 65 61 61 61 65 60 68 61 60 61 62 60 62 62
62 64 65 60 67 64 64 62 62 61 62 66 66 66 63 61
5f 63 60 60 67 64 63 63 5f 62 64 66 64 63 63 66
5f 61 5e 64 65 64 64 65 61 63 65 64 66 60 61 69
63 62 60 6b 66 66 69 68 61 60 66 67 71 62 61 67
65 5f 63 64 63 66 64 65 5e 61 62 64 66 5d 62 62
5f 60 62 62 66 66 61 66 60 62 65 64 66 5e 61 63
60 65 64 62 68 66 60 67 5c 60 67 68 6a 63 5f 60
62 65 64 60 63 62 5f 63 64 62 65 61 63 63 60 65
63 65 64 63 61 62 63 62 68 65 64 60 61 65 60 63
61 63 64 65 63 64 68 62 60 63 65 67 68 69 61 5e
5e 63 61 61 62 62 64 5f 60 65 62 65 65 67 64 62
63 6b 63 5f 64 63 62 61 5f 68 63 67 65 65 62 5e
