94 99 99 97 98 9c 99 92 98 8f 94 91 91 95 95 8e
9c 95 94 9a 99 92 92 98 95 92 98 94 92 92 93 91
93 9b 9e 99 97 99 96 8f 92 92 98 94 93 8f 90 92
96 98 98 95 93 94 95 94 92 91 93 91 94 91 90 92
9a 95 94 96 96 93 94 99 94 93 92 91 95 91 92 92
95 99 99 95 95 99 98 93 93 95 95 92 92 8e 93 91
96 94 91 8f 90 92 94 95 92 94 96 93 90 8e 95 8e
92 93 94 94 95 95 95 94 93 94 95 94 92 91 98 8c
96 95 92 92 93 94 93 90 8e 91 94 95 90 92 8d 8f
94 93 93 93 96 98 97 95 91 90 94 92 92 91 8e 8f
8f 90 90 90 91 92 91 8f 91 8e 92 8d 90 8e 8f 8f
95 96 96 96 95 94 92 90 91 8d 8f 8c 8e 8e 90 92
90 91 92 92 91 91 90 8f 91 90 90 91 8f 91 8f 93
90 91 92 92 92 93 92 91 90 90 92 95 90 92 8c 8f
92 92 92 91 91 92 91 90 90 8e 91 93 91 90 8c 8e
94 93 92 91 91 92 91 90 92 8d 90 8e 92 8f 8f 90
