93 95 98 97 97 9b 9c 98 9c 99 9c 9a 9a 96 9b 9b
93 93 96 98 97 98 9a 98 9c 99 9a 9a 99 97 99 98
93 92 95 98 97 96 98 98 9b 99 98 9b 99 9a 98 97
95 93 95 96 96 97 98 98 99 98 97 9d 99 9c 99 98
95 95 95 94 94 98 99 96 99 98 97 9b 97 9a 99 9a
94 95 95 93 92 97 98 94 9a 98 97 98 94 96 99 9b
92 93 96 95 93 94 95 93 98 96 98 98 96 95 99 9a
91 92 96 98 94 92 93 94 95 94 9a 99 9b 97 9a 98
94 94 93 96 92 91 91 95 91 99 9a 9b 9b 96 99 99
93 94 93 95 91 92 90 93 94 98 95 94 95 93 97 99
94 95 93 95 92 94 92 92 93 95 93 96 96 94 95 97
92 95 93 94 91 95 92 91 91 93 92 97 98 96 93 96
8f 92 92 92 8f 93 91 91 92 93 90 93 91 93 91 97
8f 91 91 92 8f 91 90 91 92 93 8f 91 8d 93 8e 94
91 91 90 92 90 91 8f 91 8f 92 8f 90 8d 96 8e 91
92 91 8e 91 8f 90 8d 8f 8e 90 8c 8c 8b 97 8f 91
