9d 9a 97 9b 95 9a 99 98 95 95 97 97 96 95 94 95
9d 9b 97 9a 96 99 96 95 97 97 97 97 96 95 95 95
9c 9c 99 9a 9a 9a 96 95 95 96 96 96 95 95 95 95
9a 9c 9a 99 9c 9a 97 98 93 95 96 96 95 95 95 95
98 9b 9a 98 9a 98 97 9a 95 98 9a 98 95 94 94 94
9a 9b 9c 98 99 96 98 9a 95 99 9a 98 95 94 94 94
9b 9a 9d 99 99 95 99 99 95 97 98 96 95 96 96 95
9a 97 9c 99 98 95 9a 97 9a 9a 98 95 95 97 97 95
9b 98 9a 9d 99 93 95 99 9b 96 9a 9c 94 91 94 93
9e 98 97 99 99 98 96 93 98 94 98 99 93 92 95 94
98 9a 9c 9a 94 93 97 97 96 95 98 99 95 95 97 95
98 99 9b 99 94 95 98 99 91 92 95 95 92 92 93 90
99 98 98 98 95 95 98 99 97 98 99 97 95 95 97 96
99 97 98 98 95 94 96 96 95 95 93 92 91 92 94 96
9b 97 95 95 97 9a 97 90 96 95 94 95 95 93 94 97
94 99 9c 98 94 96 98 95 94 94 95 97 98 93 90 93
