87 89 8a 85 8a 87 87 84 86 89 88 83 86 8a 85 82
86 88 88 84 89 87 87 85 86 88 88 83 86 8a 85 83
86 88 88 85 89 88 87 85 87 87 87 83 86 8a 85 83
86 89 89 87 8a 89 86 84 88 87 87 84 87 89 84 82
87 88 87 87 88 88 85 85 87 86 86 84 87 89 84 84
86 87 83 84 85 87 85 87 84 84 85 84 86 88 84 86
85 86 82 84 84 87 84 86 83 83 84 83 85 85 82 85
84 86 83 87 85 87 82 83 83 83 85 83 84 83 80 83
82 7f 7d 82 88 82 7f 84 86 84 7d 82 7c 82 81 86
80 82 82 85 86 83 80 86 83 84 80 80 81 81 80 87
80 84 82 86 84 84 80 84 81 85 82 80 86 82 81 89
83 83 7e 86 82 86 7f 81 83 85 83 83 85 84 83 87
86 83 7e 87 82 85 80 83 86 84 82 87 80 85 84 84
87 84 83 8a 83 83 82 86 87 82 81 88 7d 85 85 81
85 83 85 89 84 83 83 83 85 82 82 86 80 85 84 82
83 80 83 84 84 84 83 7d 82 83 84 84 85 84 84 84
