5f 68 60 61 62 62 61 65 65 65 5f 67 63 67 6a 65
63 65 64 63 66 61 64 61 66 64 64 65 62 67 67 65
65 66 6c 6b 67 60 68 68 65 61 67 62 62 66 64 65
62 62 64 70 6e 6b 64 61 64 5f 63 60 64 64 64 64
65 63 5c 60 63 65 61 6a 66 60 5d 61 68 61 64 63
5d 63 69 65 69 60 5f 6b 67 64 5d 63 69 62 64 63
64 62 67 64 69 66 64 69 65 66 62 64 66 65 62 65
5f 5e 63 66 60 64 62 66 62 66 66 63 62 68 61 67
63 65 5e 65 5e 61 62 65 65 63 66 65 65 63 65 62
66 65 63 66 64 68 61 60 65 64 69 65 62 62 68 66
65 62 64 62 65 6a 61 5f 67 61 64 63 63 65 6a 64
5c 5f 64 64 67 68 64 5f 68 5f 62 64 66 67 6a 63
68 69 5d 5b 5e 61 6c 67 67 60 64 67 66 62 67 68
6a 6c 5e 63 66 63 67 5c 68 62 63 64 66 60 64 67
69 6a 5e 65 65 64 63 5c 68 66 64 61 66 62 62 63
64 65 60 68 63 67 62 62 64 6b 6c 64 66 61 61 65
