87 87 83 82 82 83 85 82 87 82 88 84 87 8f 87 88
87 86 81 80 81 82 85 84 87 84 88 83 81 86 85 86
83 84 82 83 84 83 84 81 86 85 88 87 82 84 84 81
82 84 83 85 85 82 82 7f 84 83 83 87 85 85 87 7e
85 85 82 82 82 80 83 83 84 84 80 83 83 83 87 81
83 84 82 83 82 80 83 84 82 86 84 85 84 81 84 83
80 82 82 84 83 80 82 82 82 88 87 87 88 83 80 82
83 84 81 82 81 7e 82 83 86 89 83 81 86 84 7e 83
81 80 82 82 7e 7d 80 81 83 7e 81 7e 87 7f 82 84
83 80 82 81 7f 7e 81 82 81 7d 84 7f 8b 80 84 84
82 7f 84 83 84 80 82 7f 80 82 80 86 85 85 80 83
84 80 84 82 85 81 83 80 80 84 7e 87 80 85 7d 84
88 82 82 80 82 81 85 84 7f 7f 81 80 85 81 82 84
85 82 81 83 82 83 84 83 80 81 83 82 84 81 81 83
82 82 81 87 82 85 81 81 82 86 81 86 7f 83 7e 83
84 84 7f 85 7e 85 82 84 84 85 83 80 80 7f 81 85
