83 83 82 86 84 87 85 86 7e 82 83 82 83 84 83 83
83 86 86 82 83 85 85 82 80 83 82 82 84 84 82 83
85 85 87 82 85 85 86 82 83 83 82 82 84 83 80 81
85 81 82 83 87 84 85 85 84 83 82 83 84 81 7f 81
83 7f 7d 83 83 83 80 83 82 83 82 83 84 81 80 83
82 83 80 83 7f 82 7f 7f 80 82 82 82 84 82 82 85
82 83 83 83 81 7f 7f 81 7f 82 81 81 82 83 82 83
81 7e 83 84 84 7b 7f 86 80 82 81 7f 81 82 80 7f
7d 82 81 7d 84 80 83 83 84 7f 84 84 83 7f 84 83
7f 82 7f 7f 84 82 83 82 85 81 84 85 83 81 84 84
81 83 7e 80 83 83 82 81 83 81 80 84 81 82 82 82
81 84 7f 83 81 82 81 80 81 80 7e 82 7f 82 80 81
7f 82 7f 84 7f 80 81 82 80 82 7f 83 80 82 80 83
7c 7f 80 83 7f 7e 83 84 80 82 81 81 81 82 81 84
7e 7d 80 82 80 7e 84 82 80 82 81 7f 83 82 81 83
81 7e 80 81 81 7d 83 7f 81 82 81 7e 85 82 82 82
