7F 7F 85 8B 82 71 74 7C 6C 67 7F 63 6B 6F 6D 7D
7B 90 88 6E 6D 66 6D 78 82 75 7E 6A 75 6C 67 6F
91 82 73 71 75 81 80 73 6F 90 83 78 69 75 77 60
8B 89 7D 74 6F 77 80 89 80 75 72 84 74 71 6E 68
8B 91 92 89 8C 91 94 92 93 80 70 70 72 77 70 63
90 89 83 8B 8B 92 9A 8B 74 73 83 68 6B 76 77 74
98 8F 8D 94 93 8E 88 88 8E 80 7D 73 64 6F 7C 69
97 90 91 8D 80 79 72 72 70 62 6C 77 74 77 76 62
91 8A 87 7F 80 7A 71 6F 68 74 66 60 64 5F 62 68
89 89 81 7B 79 7A 73 75 70 6E 74 51 5C 6B 66 73
8C 87 81 7E 7A 74 81 74 72 6F 72 63 53 5A 65 71
83 89 86 88 85 81 78 76 76 72 63 6E 58 50 60 73
8A 8B 83 7F 80 7C 80 73 78 77 6F 67 68 5C 6D 65
89 8B 86 85 82 81 7D 76 79 78 6F 70 67 66 64 5D
85 87 86 84 87 88 85 80 78 74 78 64 59 63 61 5E
7D 79 7B 83 8C 8D 8D 82 7C 79 78 79 62 6B 60 59
