97 97 94 96 95 91 94 91 90 92 94 96 98 95 97 93
93 96 98 97 98 93 92 91 92 93 91 96 95 90 93 94
93 94 97 96 94 93 8F 8E 90 92 92 96 93 93 95 97
93 93 95 95 95 8E 8F 92 91 94 92 92 95 93 97 94
94 95 94 95 95 92 8E 91 8C 90 92 92 96 94 97 94
97 94 95 94 96 94 94 91 8F 92 93 95 92 96 9C 95
96 93 92 92 92 95 96 90 91 91 94 95 94 93 95 97
96 92 93 96 92 8E 92 90 90 8D 91 92 96 92 8F 95
96 92 96 94 8F 90 90 92 8D 91 92 8F 92 92 91 90
8F 94 98 95 94 93 92 8C 8F 92 91 93 94 92 91 99
93 98 99 97 8E 91 8F 8E 8E 8E 91 95 98 91 92 96
96 9B 99 97 91 91 92 8E 91 90 92 96 98 8C 91 8C
95 98 94 95 92 91 93 8E 93 93 8F 96 92 88 8F 8C
97 98 95 8E 8C 96 93 8E 8E 91 8F 94 92 91 95 8E
98 96 95 92 91 94 93 8F 8D 90 8F 8E 91 92 91 8E
94 92 95 95 98 95 95 96 8E 8E 95 90 8F 8D 8E 94
