93 93 98 97 94 91 8E 8D 84 83 87 97 91 91 94 96
93 95 99 94 91 8C 91 8E 83 82 86 94 91 8F 92 90
93 92 99 95 8F 8C 8D 83 87 84 8B 95 91 90 92 94
92 91 98 91 89 8C 8B 83 86 84 90 91 94 96 93 94
95 92 94 91 8C 8F 88 83 87 87 90 92 97 9B 97 97
95 94 94 92 8F 8C 83 86 84 8A 8F 97 95 98 97 95
98 93 94 92 96 84 80 84 85 89 8E 95 97 99 9B 96
96 93 93 95 91 85 85 85 82 83 8D 91 94 98 9A 97
98 95 91 90 8D 8A 82 84 85 86 8E 91 95 9A 9B 98
96 98 91 8F 8B 84 83 88 88 8B 91 90 94 96 9A 9A
97 99 94 8C 8C 82 82 87 88 8E 89 8E 92 94 98 99
98 9A 93 90 92 84 81 88 8D 8B 88 8D 94 95 98 96
9A 99 97 90 91 84 7F 83 8E 88 89 8D 90 94 95 97
9B 96 95 92 92 85 82 88 8F 8D 8B 90 91 94 96 96
9E 95 92 93 93 87 85 90 8E 8C 8B 8C 8F 92 96 9A
9F 93 90 92 92 8B 86 89 87 8B 88 8C 8B 91 95 94
