5F 5F 5B 5C 5C 58 59 59 55 53 53 55 5C 55 55 5A
58 56 59 56 55 56 55 56 56 52 54 4F 56 54 56 58
5A 58 55 53 56 56 56 50 51 51 55 53 51 54 50 4F
5E 5C 58 55 56 58 54 54 51 54 59 5A 56 51 52 50
61 5F 58 58 57 5A 56 55 53 57 54 5C 57 54 51 51
65 61 5F 5C 61 58 56 54 56 56 55 59 59 5B 58 58
66 60 61 5B 5C 5C 63 5A 5B 5A 59 58 5A 5A 57 58
69 67 63 60 5B 61 64 63 59 55 57 57 5B 59 58 5A
69 6D 68 66 64 60 61 60 64 60 5D 5C 5D 5C 5A 5B
71 6D 6E 6F 6C 66 63 66 64 60 5D 5C 5C 5F 58 5B
7C 75 70 6E 71 6F 6B 6A 69 65 68 67 67 62 61 5E
87 82 7C 6C 71 76 74 6C 67 65 62 63 66 65 64 5F
85 7F 79 7B 79 76 75 75 6F 6E 68 69 68 69 67 66
8D 84 80 80 7D 7D 79 73 72 71 70 71 74 73 72 6A
95 8B 83 81 7F 7D 7C 79 76 6F 6E 74 76 76 75 71
90 91 8A 86 83 7F 7F 78 82 7D 71 75 75 77 78 79
