95 8F 94 95 99 94 92 96 90 90 8F 91 94 8F 8E 93
94 93 99 97 95 97 93 93 8F 8F 93 96 92 8E 90 96
98 96 98 9A 9B 95 8F 8D 90 8F 8C 91 92 91 93 92
9B 98 95 9A 9B 98 90 8F 95 90 8E 8F 94 94 92 96
96 95 96 98 9B 96 91 92 95 94 92 94 93 91 92 95
90 92 95 98 9A 94 8F 91 93 94 95 92 94 91 93 92
97 92 92 96 97 98 94 94 96 92 94 93 8C 86 8B 8D
97 94 8D 8F 94 91 95 93 90 94 97 95 89 87 8F 91
95 91 8E 90 94 90 97 92 8C 90 91 90 95 93 92 91
95 93 8D 8D 89 8E 91 91 8D 90 93 94 98 96 97 92
90 91 91 8D 8C 8D 91 94 90 90 90 93 94 92 9F 97
8C 92 90 8B 8F 93 8F 92 91 91 8F 91 94 96 9E 9B
93 91 8E 8C 8E 91 93 90 8C 8C 92 94 91 91 98 98
91 8F 91 91 8F 94 91 93 92 8E 90 92 91 93 95 96
8E 90 91 90 94 90 8E 8F 93 8F 90 92 94 94 97 98
90 8E 8A 90 8E 88 88 8D 90 93 94 8F 93 95 96 91
