59 56 57 4F 4A 47 48 49 49 48 44 3E 3E 3F 3D 45
5A 50 4D 4C 4D 54 53 4C 42 41 41 40 41 40 46 47
56 51 52 55 57 4F 4B 48 48 47 47 48 47 44 46 41
5C 59 5C 5F 5E 5E 64 62 5A 50 4A 46 46 4B 43 3E
61 61 5B 60 5A 56 5A 56 51 49 48 45 47 4E 47 46
5E 58 51 4F 51 4F 50 4A 43 41 46 47 51 4B 44 42
56 53 52 52 4E 48 45 43 43 45 4A 4B 4F 4C 4C 53
55 4C 47 47 46 49 4A 4C 4A 4C 53 57 56 58 5A 5C
48 44 43 45 4D 48 44 46 49 48 4C 50 4C 47 4C 53
42 4A 4A 4A 49 4B 4A 46 43 44 42 49 41 42 47 46
48 49 47 48 47 48 44 40 42 41 40 46 43 45 45 47
48 45 42 44 46 45 45 44 41 3D 41 49 42 44 45 44
47 40 42 43 45 44 44 41 3E 3F 44 49 44 41 49 53
44 43 41 40 44 47 44 41 41 41 41 4D 47 4B 52 54
42 40 45 46 46 44 44 43 3D 42 42 51 4D 4E 4C 4B
42 45 4A 45 44 47 46 43 43 45 48 4F 50 51 50 4C
