62 5D 54 56 53 44 38 35 36 36 40 45 42 48 41 3B
5C 56 54 4E 42 38 36 36 41 43 42 42 45 44 3D 39
59 51 4E 44 37 35 3E 43 47 44 44 42 48 41 37 37
50 53 4A 41 3D 41 43 41 48 45 41 43 43 43 40 44
53 4E 48 45 42 42 40 46 45 42 40 48 45 3F 40 45
52 4F 4E 48 42 3F 45 49 4D 4A 48 46 46 47 4D 4D
52 52 4C 42 3D 42 43 46 4A 4D 4F 52 4E 4F 50 51
56 4E 42 3E 3F 43 48 49 52 52 50 4D 4E 51 4B 4B
59 48 40 3D 45 4D 50 52 52 56 51 4E 4A 48 47 47
50 44 3A 46 4B 54 55 57 57 53 50 4E 54 54 51 51
49 43 42 4E 55 59 58 55 55 57 58 58 55 54 50 4D
48 4D 4D 55 5A 5E 5C 5B 53 55 57 56 55 52 54 4E
50 50 57 60 61 5E 5C 53 47 51 53 4F 4B 4A 49 48
56 5A 5F 5D 5D 60 5B 51 4F 51 55 4E 49 49 45 48
60 61 5A 57 5B 5E 54 4A 49 4D 48 45 44 41 3D 3E
5B 58 58 59 56 4E 46 48 48 41 45 44 41 3F 3D 3B
