36 3A 38 38 31 30 39 3D 3F 3D 39 38 36 32 33 36
3A 36 3A 3B 44 3E 37 37 3C 3B 3C 39 3A 3A 3C 38
39 39 3B 36 37 38 3A 3D 3B 38 3D 46 43 3C 39 38
37 35 3A 38 33 39 38 38 3A 3D 3B 36 38 3B 3D 44
3D 3E 42 3F 3C 35 34 36 37 37 39 38 38 34 31 32
40 42 45 45 3D 37 37 34 33 32 36 37 35 36 35 33
39 37 38 38 39 36 35 38 3B 35 32 35 38 3B 40 42
42 40 39 37 3B 3B 3F 44 43 43 39 36 31 32 34 38
3B 37 37 37 37 35 35 40 45 44 43 48 40 3C 33 36
30 35 3D 44 47 49 45 3D 40 46 48 43 48 4B 3F 39
3C 36 33 36 3C 3D 38 39 3A 3B 43 47 45 47 43 42
33 2F 30 30 31 3A 3E 3F 3C 3A 3B 36 38 41 44 47
33 32 33 30 2F 31 3B 3E 3E 3C 3E 3B 34 31 33 36
35 34 34 35 32 2F 31 30 36 3D 3C 3E 41 3B 39 39
36 32 35 35 36 34 32 34 34 3A 40 3E 3D 42 44 3C
39 38 36 32 30 34 34 31 33 32 34 41 3E 3D 41 41
