17 18 19 19 19 17 19 18 19 19 17 18 17 17 19 17
18 18 18 18 19 1A 18 18 18 19 1B 17 17 17 17 19
18 19 19 18 18 18 19 1A 19 1A 19 1A 19 18 17 18
1A 19 19 19 1A 15 1A 18 1A 1A 19 1A 18 19 18 18
1A 19 16 1A 18 19 19 19 18 19 19 1A 19 18 1A 1A
1B 19 1A 18 1A 19 18 1B 19 19 19 1C 1A 1A 19 19
18 19 19 18 19 19 17 1B 1B 18 19 1A 19 1A 18 1A
17 18 17 19 1A 18 18 1B 1A 1B 1A 19 1A 1B 19 19
1A 18 18 1A 19 18 1B 16 19 1A 18 1C 1A 19 18 19
16 18 18 19 18 18 18 17 1A 18 1B 18 19 1A 18 17
19 19 19 19 1A 16 1B 19 16 1B 1A 18 1A 19 1B 18
17 19 19 19 18 18 1C 18 19 18 18 19 19 19 1A 18
19 1B 1A 19 19 1D 1B 18 19 19 1C 16 19 18 18 1A
18 18 1A 1B 19 19 1A 1A 1A 1B 17 18 18 17 19 18
19 17 17 18 19 18 19 1A 1B 19 19 18 1C 19 1B 1A
18 19 18 19 17 19 1A 17 16 1B 1A 19 1A 17 1A 18
