19 18 18 18 19 17 19 18 17 16 17 15 1A 18 19 1A
1C 17 17 1A 17 19 16 18 17 18 19 17 19 17 18 1A
17 18 16 1A 1B 19 19 19 18 18 17 19 17 18 17 18
1A 1A 18 1A 17 1A 19 18 17 19 19 18 1A 18 18 18
19 19 18 19 18 18 19 16 15 16 16 16 16 18 18 18
1A 17 17 19 1A 1A 17 14 14 17 19 19 19 17 19 18
1A 18 17 19 1B 19 17 14 15 18 18 17 17 19 17 18
1B 1B 17 17 19 19 15 17 15 17 18 18 18 18 17 17
1C 1A 18 18 18 18 15 16 15 16 17 18 18 17 18 17
19 1B 18 19 19 16 18 16 15 18 17 18 17 1A 18 1A
18 19 17 18 19 18 19 18 16 18 18 19 17 17 17 19
18 19 18 17 18 16 16 14 17 19 17 17 17 16 17 19
1A 1A 17 17 19 16 19 16 16 18 16 17 19 17 18 18
1C 18 1A 18 18 17 16 17 19 17 15 16 16 15 15 16
1B 1A 19 19 1A 17 18 16 16 15 18 17 16 16 16 18
19 1A 18 19 17 16 14 17 15 16 15 17 18 16 16 17
