22 23 20 20 20 20 1F 1F 1E 1D 1E 1F 20 20 22 27
21 21 20 21 21 20 21 21 20 1E 1E 20 21 20 21 26
22 21 22 22 21 21 20 21 20 1F 20 1D 20 20 22 23
20 23 22 20 1F 20 20 20 20 20 21 1F 1F 20 20 21
20 21 21 22 20 20 21 21 21 21 20 1F 1F 1F 20 21
21 21 23 21 1F 20 1E 20 20 1F 20 20 1E 1E 1F 20
24 22 23 21 1E 22 20 20 21 21 1F 20 1E 1F 21 1E
21 20 20 1F 20 20 1F 1E 21 21 20 21 20 1F 20 20
1F 20 1D 22 20 1F 21 21 20 1E 20 20 21 1F 1E 1F
20 1F 1F 20 20 21 1F 1E 21 20 20 21 21 1E 1E 1F
21 21 20 20 1F 20 1F 21 20 22 20 20 21 21 20 20
1F 1F 20 1F 20 22 20 1F 1F 1E 1F 20 21 20 1D 20
1F 1E 1F 20 22 22 20 1E 20 20 21 1E 21 22 20 1E
22 1E 20 20 20 20 21 1F 21 21 20 20 1F 20 20 20
20 20 1F 1F 21 21 20 1F 20 20 20 1E 20 20 20 1E
20 1E 22 20 21 21 20 1F 1F 21 20 20 20 20 22 22
