20 20 1E 20 20 21 21 24 26 25 2B 67 C1 DB E1 E3
21 21 20 1F 20 21 21 22 22 25 29 3F AA D4 DF E3
20 20 21 20 21 21 23 22 25 26 28 2F 84 C8 DE E2
22 1F 20 1F 1F 20 23 24 22 25 26 2B 59 BB D8 DF
21 20 21 20 20 20 20 21 20 22 24 2B 35 9F D2 DF
1F 21 21 23 20 20 21 20 20 21 25 28 2C 6E C6 DD
1F 21 22 21 22 1F 21 22 21 22 24 25 2B 40 AE D5
20 1E 21 21 22 20 20 22 20 22 22 25 28 2D 88 CC
21 22 21 20 20 21 1F 1F 1F 21 21 23 26 2B 53 BC
22 21 20 20 20 21 20 20 20 21 22 25 26 29 36 9D
21 21 20 20 23 21 20 1F 1E 22 21 23 23 28 2D 70
22 22 21 20 21 21 20 1F 1E 20 21 21 22 24 2C 44
21 20 23 22 20 21 1F 20 1D 1E 1F 22 22 26 2A 30
20 21 21 21 21 21 21 21 1F 20 1F 21 24 25 26 2B
20 21 21 21 1F 20 21 20 1F 1F 1D 1F 21 23 26 2B
21 1F 20 20 20 1F 20 1F 1E 1F 1F 20 21 22 23 27
