85 84 86 86 88 8D 8C 87 87 87 84 86 86 7F 7F 84
83 85 86 87 84 8A 8B 8B 86 88 88 87 85 82 82 82
85 86 85 86 85 83 84 87 87 88 88 86 86 89 89 86
86 84 85 88 85 83 83 89 85 84 89 86 86 88 89 85
84 83 84 88 86 80 84 86 83 84 87 89 84 86 88 8A
84 83 81 84 83 7F 81 86 87 84 85 82 84 85 86 89
84 82 81 7D 80 7D 81 84 86 85 85 83 85 87 88 84
86 82 81 7C 80 86 83 85 83 83 84 85 85 86 84 81
84 85 82 7B 82 85 84 84 84 83 85 82 85 8B 8B 85
85 86 82 80 80 85 84 85 84 86 86 81 82 86 8A 85
87 84 87 84 85 88 8C 87 83 86 82 81 82 83 83 81
87 89 87 86 81 83 8C 8A 83 86 83 80 80 84 83 82
7F 85 88 87 85 82 8A 89 87 89 88 86 81 82 87 85
81 86 86 86 83 83 86 87 85 84 89 89 85 7D 86 85
81 85 84 81 82 80 83 86 82 7F 82 88 87 82 82 89
7F 82 84 80 85 86 80 84 84 80 80 88 87 82 81 85
