1F 21 20 22 1F 20 20 22 22 23 22 26 3F 88 B8 C6
21 22 1F 20 20 20 20 22 22 20 22 26 36 84 B4 C6
22 21 21 20 21 21 21 22 23 21 25 26 30 7C B1 C6
21 21 21 20 21 21 21 21 21 22 23 25 2E 70 AC C4
21 20 20 21 21 22 21 23 24 23 23 24 2A 61 A5 C2
23 21 20 21 21 23 21 22 23 22 24 23 27 4B 9A BE
21 23 22 21 20 20 1F 20 22 22 24 23 25 37 8B BA
20 21 21 20 20 21 22 20 21 24 24 24 26 2D 72 B2
21 22 21 1F 20 22 20 21 21 23 23 25 25 28 5F A8
20 1F 21 21 20 1F 20 21 21 24 23 24 26 29 4A A1
20 22 20 22 20 1F 22 21 24 23 23 25 25 27 3A 92
20 22 20 20 20 20 20 22 24 23 23 24 26 27 34 80
21 21 20 22 20 20 22 21 22 24 25 25 23 26 2C 6F
20 22 20 22 20 21 21 21 20 24 25 24 24 29 29 5B
20 21 20 22 22 22 20 20 21 21 23 23 25 27 29 42
22 21 21 21 21 22 20 22 21 20 23 25 24 26 28 2F
