94 92 97 97 98 9A 9A 97 98 98 9B 9C 9B 99 96 98
96 97 95 92 94 97 9A 95 95 98 9A 99 98 96 94 99
94 92 94 97 91 97 9B 98 9A 92 98 99 96 92 9C 9E
97 94 96 96 94 93 9A 97 96 97 97 99 96 96 98 98
98 99 95 98 93 90 95 92 96 98 96 93 97 96 96 9A
9B 9A 9B 98 95 95 95 92 96 94 95 93 92 93 98 99
9A 9B 97 95 94 95 95 96 94 92 91 90 96 97 9C 9A
9B 9A 96 98 97 95 94 8F 91 95 92 92 96 99 99 9B
9B 9B 97 97 96 97 97 95 96 98 99 98 97 98 98 99
9C 97 97 98 96 99 97 94 95 97 98 9D 9B 9B 96 98
9B 98 93 92 94 97 98 95 96 9B 96 9B 99 99 99 98
9B 97 92 94 98 94 96 94 98 99 99 94 9A 9C 9A 9B
9C 9A 92 98 98 98 91 94 94 9A 9B 91 97 99 94 93
9C 99 94 99 99 9C 98 90 92 9A 98 92 90 94 94 8F
9B 9C 98 99 98 95 96 93 97 9E 9A 94 93 96 95 8F
90 93 9B 97 93 92 97 96 97 98 96 97 99 9A 92 8E
