21 24 27 26 28 29 2F 32 34 33 35 3D 4A 56 50 57
21 22 24 28 25 27 2B 31 30 31 33 34 3E 43 47 50
1F 22 23 26 27 27 29 2E 30 30 32 30 38 3E 40 46
25 21 22 23 23 25 25 27 2A 30 30 31 34 38 3E 41
28 26 24 25 23 26 24 24 27 2F 33 30 30 35 3C 40
29 27 25 23 22 23 23 23 24 26 2E 30 2D 35 37 3D
2C 28 25 24 23 21 23 25 24 26 2A 30 32 31 38 37
31 2F 2B 26 25 25 22 22 22 23 27 2D 31 2F 37 3B
30 30 2A 29 24 25 23 23 23 25 25 29 2E 2E 35 39
38 30 30 2C 28 26 23 22 26 25 24 24 2C 30 31 37
32 30 35 2C 2B 26 27 25 23 24 25 26 25 2F 2E 32
2F 31 35 36 2D 2C 27 29 24 24 27 27 27 2B 2E 31
2B 2E 30 39 3D 30 2A 26 27 25 27 28 24 28 2A 2B
28 2F 2E 33 40 3B 30 29 2B 2A 26 2A 28 23 27 3B
2C 27 30 32 32 3C 3B 32 2D 2C 28 29 2B 26 33 31
2E 28 2B 31 34 37 3D 3D 32 2C 2E 2B 27 35 2A 28
