61 63 66 65 67 6B 73 75 73 79 77 86 81 7D 84 85
65 63 63 64 65 69 6E 74 6F 77 78 78 82 7B 7E 86
66 65 60 6A 61 69 6E 6D 72 73 74 75 7D 7C 7C 7C
64 68 60 6A 65 65 6F 6C 6C 71 71 71 77 7E 79 83
66 6B 63 61 65 65 65 6B 70 6B 75 76 6E 73 75 81
65 66 64 60 60 64 65 68 73 70 74 6F 6D 6F 72 74
66 66 6C 66 63 65 67 66 71 72 75 70 6F 72 7A 79
67 67 69 68 62 61 66 67 6B 70 70 70 6D 6D 78 80
68 64 6A 69 65 61 66 63 68 76 6E 72 76 70 70 76
65 65 63 64 66 62 69 64 68 6D 67 6F 70 73 71 6F
65 66 6B 65 64 61 65 6A 68 66 68 6E 6D 72 71 7B
64 65 63 62 65 63 63 65 66 69 6C 6C 69 6E 70 72
6A 66 63 61 65 65 63 64 65 64 6A 6F 6D 6D 73 6E
6A 69 65 66 65 67 65 64 62 65 63 6E 70 6B 72 71
68 6D 68 64 63 67 68 64 67 67 62 66 6A 69 6A 6E
6B 6B 6B 66 67 6A 69 67 62 67 68 6B 67 6D 6A 6C
