38 36 35 37 38 32 32 37 30 31 37 39 3A 3E 3F 3B
36 35 2A 30 37 37 33 36 3D 34 37 37 35 39 37 3C
2F 35 34 34 34 34 30 33 33 37 36 37 3D 3B 3B 3A
31 31 36 32 33 34 36 36 2C 30 38 36 35 3B 3A 3F
31 2E 2D 34 36 32 33 36 2F 39 3B 42 40 41 43 44
30 2D 2D 33 38 37 30 35 35 32 37 36 38 35 37 38
36 34 38 33 35 37 34 2F 3A 3A 36 38 3C 3F 3E 39
38 34 31 35 33 38 37 34 35 36 33 31 35 34 40 3E
35 33 33 32 37 37 36 2D 31 33 33 33 37 37 3A 3A
33 35 37 39 39 32 33 33 32 34 35 35 38 37 39 42
40 38 36 33 34 34 39 3D 3C 35 36 3A 38 39 37 3A
38 34 31 2F 39 37 36 37 3A 39 38 3A 43 42 40 3D
36 33 34 34 38 36 37 38 3D 31 33 33 33 37 3B 3F
34 39 40 34 38 31 34 38 3B 35 30 33 33 36 3E 40
36 38 37 36 39 35 34 34 3B 3A 36 34 34 35 40 3C
3B 36 34 38 39 35 33 35 3C 3C 3A 35 38 35 37 3D
