3D 3D 31 36 2C 2D 33 2F 31 35 32 30 2E 2E 31 33
40 41 44 3C 2F 2D 33 31 35 35 30 30 35 30 36 30
37 3C 38 3D 39 31 2B 30 33 38 32 2B 2C 34 30 31
45 42 3A 36 38 34 2F 2D 31 38 35 31 2B 2E 30 3A
4D 49 41 36 33 30 30 30 2E 33 34 30 30 2A 31 30
41 56 45 3B 3E 2F 2E 2B 32 31 35 34 33 31 36 40
38 3E 55 51 41 33 2E 2B 2F 31 33 3C 3C 3A 31 37
36 3C 41 4D 4E 40 2D 30 2C 36 35 36 33 3F 37 32
38 36 3E 43 49 48 3A 31 32 35 34 38 38 36 33 35
39 37 37 47 42 40 3F 3A 38 2E 35 3A 3E 37 36 34
38 32 35 3E 42 45 48 39 3A 2F 2F 36 35 34 33 34
3A 36 32 34 39 41 44 3E 36 39 3B 32 36 34 36 35
46 40 33 33 37 39 41 43 36 35 41 37 39 35 37 35
3E 42 3A 36 38 38 37 3C 3D 33 36 46 3D 35 3A 32
3B 3A 3F 3C 36 39 3C 3A 39 35 2F 3B 42 3B 35 39
39 3D 37 38 3A 36 39 37 38 38 34 38 3B 43 3D 3B
