33 2F 2D 29 2A 27 26 26 25 25 24 23 22 21 22 21
2E 2C 2A 28 27 28 26 25 24 22 24 22 22 21 22 23
2B 2A 28 25 25 26 25 22 23 23 23 21 20 21 22 21
2C 29 28 26 24 26 25 23 23 22 22 20 22 21 21 21
27 27 27 23 23 22 23 22 23 23 24 22 21 1F 20 21
27 24 25 23 23 22 22 22 23 24 21 22 22 21 20 20
26 24 22 23 23 23 23 22 22 23 23 21 20 20 20 1F
25 25 20 22 23 23 22 21 23 22 21 22 20 20 1F 20
25 24 24 21 22 22 21 21 21 22 22 21 20 22 21 21
22 22 21 21 1F 21 22 20 22 21 21 20 20 20 21 21
21 23 21 21 21 20 20 20 21 20 20 21 21 21 21 20
21 22 22 22 20 21 1F 1F 22 20 21 21 20 21 21 1F
21 20 21 21 23 1F 20 21 21 21 21 20 20 20 1E 1E
22 20 20 22 1F 20 1F 21 20 20 21 21 20 1F 1F 21
20 21 21 1F 21 21 1F 1F 21 21 22 21 21 1F 20 22
20 21 20 1F 20 21 1F 20 21 21 1F 20 21 22 20 1F
