53 56 53 4C 50 50 4E 4D 4F 4E 52 52 57 55 58 54
55 58 55 51 53 51 52 50 4E 53 55 55 54 56 57 58
57 54 52 55 53 50 4E 4F 50 52 55 54 54 52 53 55
5B 5A 55 55 55 55 50 4D 51 52 53 50 52 51 50 53
61 61 5D 57 58 54 54 51 50 51 54 50 4F 51 51 54
63 64 60 5D 5C 57 56 58 57 56 52 57 53 54 50 53
69 69 62 61 5B 5A 59 58 58 56 55 56 56 56 54 53
71 6E 69 66 60 5D 5C 59 59 57 55 54 59 55 57 5A
70 6F 6E 6B 60 62 63 5D 58 57 56 58 5B 5C 56 57
73 72 70 6D 67 68 66 61 60 5E 59 57 59 5D 5C 54
78 76 6D 6B 6E 69 69 65 63 63 61 5C 59 5F 5B 59
7C 78 70 69 68 70 6D 6B 69 66 69 65 5F 5F 5D 5C
80 7C 78 6F 6E 70 6D 6D 6D 6A 6B 6B 6D 6A 64 61
7D 83 81 78 6E 70 6E 6D 6E 6E 6D 70 71 72 6F 6A
82 85 83 7D 79 78 77 75 72 72 6F 6C 6F 72 72 71
87 85 88 81 7B 85 80 79 79 76 74 70 72 73 6F 70
