8B 8E 94 8F 8D 90 93 92 95 8B 90 93 94 94 95 91
8D 91 93 8E 8D 95 94 93 95 8E 8C 93 94 94 98 99
8E 93 93 8D 8A 92 99 93 96 92 95 92 93 94 9A 9A
8B 91 8F 8E 8F 94 95 98 97 95 98 96 91 95 97 99
91 92 91 8C 90 93 97 95 97 96 93 96 92 93 97 97
91 93 90 93 94 93 96 93 97 98 96 94 93 95 9A 98
94 95 8E 90 91 93 94 90 93 92 96 98 94 94 98 9A
96 94 92 92 91 93 91 8F 92 90 93 94 95 8D 95 9B
93 97 95 93 93 95 94 95 92 8F 8F 8F 91 8F 90 90
92 91 95 93 96 94 90 94 8F 93 96 92 93 90 93 97
90 92 96 95 95 92 94 98 96 97 96 95 97 97 97 9C
8D 90 8F 91 92 97 95 94 90 91 94 98 96 95 96 9D
94 93 90 92 90 95 93 92 94 96 98 97 97 93 97 9D
93 98 95 91 93 95 97 93 95 94 93 98 93 8C 90 98
93 95 95 8F 93 93 95 96 97 98 99 9A 97 96 98 9B
92 93 97 93 92 96 93 94 97 98 98 9B 9A 97 99 98
