1B 19 19 18 18 17 19 1A 18 18 18 19 1A 1A 1A 19
19 1A 19 19 19 1A 18 19 19 17 1A 1A 1A 19 1A 19
19 1A 1A 18 19 16 16 17 18 19 1A 1A 1A 1A 1A 1B
19 17 18 1A 18 18 17 17 18 19 1A 18 19 1A 18 19
19 17 19 19 18 18 16 17 16 19 1A 18 19 18 19 17
1A 18 19 1A 1A 1B 19 18 18 18 18 1A 1A 17 19 18
1A 19 18 1A 18 18 19 1A 19 17 18 1B 18 1B 19 1A
1D 19 18 19 18 18 18 17 17 19 19 19 18 19 18 19
1C 1B 18 19 17 17 15 18 19 18 18 1A 1B 1A 1B 1A
1C 19 18 18 19 19 18 17 18 17 18 17 18 1B 1C 19
1A 17 17 18 19 19 17 17 18 17 18 18 1A 1A 1A 19
1B 19 17 1A 19 17 17 18 18 19 19 19 1A 1B 1A 1A
1A 19 18 19 19 18 15 17 19 1A 17 17 18 19 19 18
1D 19 17 18 18 18 16 19 19 18 18 15 17 19 18 1B
1B 19 18 19 1A 18 19 17 17 18 18 15 17 19 17 19
1B 1A 18 19 18 18 1A 16 16 18 18 17 17 18 18 19
