8C 8E 92 98 96 92 93 94 93 95 92 96 97 95 91 97
8D 8F 93 99 95 94 91 90 91 92 96 96 94 98 96 98
91 90 91 95 92 92 93 92 91 92 94 98 99 9C 9B 93
93 96 96 94 95 94 92 95 8F 95 92 96 99 99 95 93
94 97 92 93 95 95 95 94 94 98 97 95 95 99 98 93
92 98 90 92 93 92 98 91 95 99 97 94 95 97 98 9A
94 94 94 91 90 93 96 93 94 98 93 92 92 91 94 94
94 99 95 90 92 94 97 95 92 97 93 95 99 96 90 95
92 97 95 90 97 98 97 96 94 98 9A 90 93 99 9B 9F
96 9A 93 90 95 92 95 93 96 9A 9E 92 8D 91 90 8B
97 9B 95 96 97 97 99 93 97 98 96 8D 92 8D 87 8F
96 9E 97 99 9A 93 96 97 91 94 94 90 89 91 9A 8A
98 9C 97 9C 99 97 96 94 92 93 93 91 9B A3 97 96
9B 9C 96 9D 99 98 96 9C 98 96 92 93 A1 8A 89 84
99 9D 9D 99 99 9A 99 9A 9E 9B 99 9E 8D 85 83 86
9C A0 A0 98 99 9A 9D A3 97 88 84 9A 88 85 87 8D
