80 7A 7D 78 73 70 6D 71 6F 73 6A 74 6E 70 72 6B
80 79 77 78 71 75 73 74 73 71 6B 6E 6C 6F 70 6B
80 78 79 78 73 72 72 75 75 75 6B 6E 6A 6B 6F 69
83 77 77 75 75 75 77 76 75 73 6E 6E 6D 73 71 68
7E 77 71 73 75 75 73 75 74 71 6F 74 6F 75 6E 67
7C 74 73 72 73 72 6D 72 77 6F 73 72 70 6E 6A 65
79 77 77 73 75 6E 6D 73 74 6F 71 72 70 6B 66 65
7A 7B 76 77 76 69 6B 76 71 71 6E 71 6A 68 5F 66
79 76 74 73 6F 6A 6C 74 72 6F 70 70 6D 6D 64 6B
78 75 73 74 73 71 70 74 78 71 71 72 6F 6B 67 63
74 6F 71 78 74 76 73 6F 74 72 71 72 70 6B 67 65
70 70 73 73 72 70 6F 6F 75 73 72 6C 6D 69 66 69
75 71 72 73 70 6E 73 74 74 71 73 6F 6E 67 66 67
75 77 74 6E 6E 70 77 6B 70 6B 6E 6F 6A 64 69 63
73 75 73 6F 69 70 71 6D 6F 70 6C 6D 67 69 69 65
71 71 70 72 69 71 72 6E 6E 6A 6C 69 67 6A 69 63
