35 35 3B 3D 37 3A 36 36 35 3B 37 39 35 33 35 37
32 34 36 35 38 39 3B 42 3A 36 34 34 36 37 35 33
34 33 30 2E 31 36 36 39 37 3C 3A 3D 3B 39 39 39
30 2F 32 32 34 30 33 30 32 35 39 3D 42 41 3D 39
33 30 30 31 36 32 33 32 30 34 36 3A 37 37 3C 3C
2F 2C 2C 2E 31 34 33 38 35 30 33 35 37 3B 39 3B
2C 2C 2E 2E 2C 2F 32 35 37 38 37 35 32 36 3B 42
31 2F 32 32 33 32 31 33 37 35 34 37 35 31 38 3F
3C 39 34 35 36 3B 38 3E 33 32 36 3A 3C 37 33 35
36 32 30 2F 2E 30 32 35 40 3E 34 31 2F 33 32 31
34 35 33 35 38 33 34 35 30 33 3A 37 32 30 35 36
34 38 37 35 35 31 30 35 33 32 32 31 32 37 3C 35
3E 40 38 31 32 32 31 33 2F 31 33 36 34 31 33 36
40 45 43 39 3E 49 45 3B 33 30 34 36 36 35 36 35
39 3D 3F 45 3F 38 39 38 33 38 34 33 36 35 37 36
3C 36 39 39 38 3C 3B 3A 3D 40 3F 48 41 3B 3B 3B
