47 48 47 47 4A 52 57 57 53 4F 4D 53 4C 54 54 4C
4A 54 51 54 55 56 55 55 55 55 56 56 50 4D 4D 4C
52 55 55 55 5B 55 55 56 52 51 54 4E 52 49 4D 4B
51 4F 55 56 55 55 52 4E 4C 4F 4C 4E 4D 4C 50 50
57 55 59 59 51 54 55 53 51 52 4F 4D 4D 47 49 4F
53 57 5B 58 55 54 54 53 4C 51 54 52 54 52 50 4E
5B 54 5C 5A 59 57 51 4E 50 56 51 51 50 4F 53 50
5D 56 5C 55 57 56 55 59 56 5A 59 4F 4E 53 52 53
55 56 53 54 58 58 58 54 53 50 4F 55 52 4E 52 4C
55 54 57 56 54 51 54 4D 50 50 52 53 54 51 53 4C
5E 5C 5B 56 54 56 56 52 5A 55 4E 51 52 53 55 53
5F 5D 59 58 52 57 52 52 57 53 52 55 54 52 52 54
5C 5A 5A 5B 55 56 53 57 56 57 55 52 56 52 56 50
5A 5C 5A 60 5E 57 53 57 56 5B 57 54 58 56 50 53
64 62 60 60 5C 58 58 59 56 54 54 54 56 56 51 51
61 65 62 62 5F 59 57 56 54 53 53 54 55 52 51 51
