88 88 83 82 76 77 78 77 76 72 72 74 7D 7E 78 73
84 85 82 7D 78 77 78 75 75 74 72 74 75 76 73 73
86 86 7E 77 72 72 74 75 77 75 76 71 74 77 76 72
86 85 80 76 72 70 72 79 77 77 74 77 79 76 75 71
8C 84 7E 74 74 73 73 78 74 74 73 7A 76 71 71 6E
86 83 7F 77 74 73 73 79 75 76 73 75 76 71 70 72
81 84 7C 7A 75 78 7A 7B 74 73 73 75 75 71 6F 70
85 7F 7B 77 7A 77 79 7D 78 77 74 74 71 6F 70 73
87 7F 78 76 7A 7C 7B 79 7B 7B 74 78 70 73 72 77
89 7F 7A 7C 7D 78 76 7C 78 78 7A 76 72 71 74 75
80 79 7E 7D 7A 75 7C 7A 75 79 77 73 7A 75 73 75
7B 79 7F 77 76 78 78 74 76 7A 77 75 74 72 74 73
7A 7C 7C 79 75 79 77 76 72 77 73 77 75 72 73 75
7F 7E 7E 7C 79 7A 76 71 74 71 75 7A 78 71 7A 78
7B 82 7E 7A 82 78 74 71 72 74 76 78 75 73 79 76
7B 7B 79 7B 7F 76 75 71 71 75 77 75 74 74 78 78
