92 92 93 8B 93 93 92 95 90 93 94 8D 91 94 96 98
91 92 96 8B 92 94 91 95 8F 94 93 92 98 95 95 9A
91 97 96 91 91 93 93 97 95 97 92 93 95 91 98 97
8F 99 93 90 8E 96 94 98 95 98 99 95 94 97 9A 96
95 98 93 8D 8F 97 95 97 94 95 95 97 99 9B 9B 99
95 94 90 91 95 94 98 99 99 98 96 97 99 99 97 99
94 95 91 92 95 95 9A 9D 99 98 97 94 97 9A 99 97
91 92 93 8D 94 95 9A 9A 98 9A 97 9B 99 95 9B 99
93 90 97 8E 94 97 9E 99 97 9A 9A 9A 9B 98 99 9A
92 94 96 92 96 93 99 9A 9A 97 97 97 9B 9B 9C 9A
93 96 98 93 97 95 9A 96 9B 98 96 9A 99 9B 9A 98
90 91 93 98 9A 96 98 93 97 96 96 98 99 9A 9A 98
96 92 95 96 9A 9A 97 97 99 98 9B 98 9B 99 9B 9D
95 94 99 99 98 97 99 9A 9A 98 9A 9B 9B 98 94 9C
92 92 95 97 97 97 99 98 96 94 94 9C 9A 97 96 9B
97 91 93 90 98 96 95 94 91 96 94 97 96 9B 9A 9A
