50 35 2C 2A 26 23 23 25 26 23 25 26 35 5D 83 A0
38 2E 2A 27 27 25 23 23 22 24 24 24 39 67 8A A4
2E 2A 27 26 24 22 24 22 23 24 23 25 3E 6C 8E A4
29 28 26 24 23 23 23 23 23 24 25 29 43 74 92 AA
29 27 24 22 23 24 24 23 24 24 23 2A 4F 7B 98 AC
27 23 23 22 23 24 23 23 25 25 26 2D 58 7F 9C AF
26 24 22 21 22 23 22 21 25 23 25 31 5B 88 A2 B1
24 22 22 23 22 23 22 22 23 24 25 2F 62 8B A6 B3
24 22 22 22 22 24 23 22 23 22 25 34 66 8E A7 B3
24 22 22 24 23 23 23 22 24 24 26 35 68 93 AA B5
22 23 22 22 23 24 23 22 24 24 27 3B 70 96 AE B6
21 21 21 22 21 23 23 23 25 25 28 41 77 99 AE B9
1F 22 23 20 24 22 22 23 24 26 26 42 7E 9D B1 B8
22 21 1F 21 22 23 22 23 23 24 24 42 7D A0 B3 B9
22 21 21 21 21 20 21 22 24 24 26 40 7C 9F B4 BD
21 20 22 22 23 23 23 21 21 25 25 46 7F A3 B5 BC
