51 4F 56 50 55 5B 65 6D 75 75 75 70 78 85 7D 73
56 58 59 57 59 5F 6A 72 79 73 76 6E 7A 80 75 76
59 5F 5F 60 5E 64 72 80 77 76 70 73 77 7A 74 74
5C 60 64 69 67 6D 82 78 6F 78 72 75 74 75 72 72
5C 63 66 67 6B 79 79 6A 71 76 77 72 73 71 70 75
65 64 64 67 75 75 6A 6A 77 7C 72 76 75 73 72 80
63 61 61 70 72 6B 6C 73 7A 77 74 74 71 72 7D 7E
65 65 6F 6E 69 6B 6D 7F 79 72 6F 72 70 77 78 77
6B 75 70 6C 69 6E 7A 77 72 6B 6F 6E 77 77 75 76
72 6F 68 64 6A 79 7B 75 6A 6E 6F 71 79 74 74 74
6C 67 65 6A 74 76 72 6D 6B 70 75 78 73 74 76 74
6E 71 76 75 6E 6C 67 6A 72 75 79 76 75 72 74 79
7A 7A 75 71 6D 68 6C 73 75 76 77 74 72 76 74 78
7B 75 72 6E 71 72 74 73 72 78 78 73 6D 74 79 75
7B 77 79 78 75 72 75 74 76 76 70 70 78 7B 76 78
78 76 79 77 75 74 74 76 76 74 75 75 7D 7E 79 7A
