7E 7D 86 84 7D 83 86 85 83 83 8B 87 89 87 8D 8B
81 7C 80 80 80 7D 81 81 85 88 8A 89 87 88 8C 8D
7D 77 77 80 84 84 89 80 83 8C 85 84 87 86 8A 8D
7C 78 77 80 85 88 8C 85 84 83 84 88 89 84 87 8A
80 7B 79 7F 88 8B 87 86 82 7A 82 81 88 86 85 8A
87 7E 78 7F 7E 83 89 88 84 83 84 81 82 87 88 88
84 85 85 7E 79 79 84 88 86 85 87 88 80 88 8C 89
81 88 86 82 7B 78 81 84 83 8B 8C 8E 84 87 8A 87
82 86 87 89 81 7A 83 85 80 8C 8A 8D 86 89 89 8A
83 84 84 88 87 7C 7D 7D 82 84 88 87 87 8A 88 88
82 82 7F 83 81 7D 80 81 87 84 84 8C 89 89 86 8B
7E 81 80 80 81 7E 7C 7B 82 86 82 87 87 8C 8B 8B
80 84 7E 7B 82 81 79 7F 80 89 84 87 88 8D 88 86
85 83 80 7A 84 80 7F 82 83 85 83 86 8B 87 86 87
85 7F 7E 7E 81 81 81 81 7F 82 87 81 7B 81 88 87
86 7D 80 80 7E 81 81 7E 80 81 81 82 80 8B 8A 89
