97 97 8F 8F 97 91 92 94 93 91 96 93 91 95 92 93
9B 96 92 91 96 93 94 97 94 90 96 90 92 95 94 93
99 95 8D 90 95 94 92 96 91 91 93 8F 94 8F 8D 92
96 94 91 92 94 96 91 90 90 94 95 94 92 8E 8A 8F
95 95 95 92 96 97 91 8B 8F 99 93 93 92 8C 90 92
94 95 96 94 93 95 93 8E 90 99 97 90 92 8D 91 94
96 92 93 95 94 96 93 8F 91 97 9A 92 91 91 92 92
94 95 94 8F 90 95 97 90 93 96 95 96 92 92 91 8F
93 93 94 90 90 90 92 8D 92 92 94 91 94 94 95 94
93 98 98 93 90 8F 95 91 91 94 97 95 97 96 95 96
96 98 95 93 8E 8A 92 93 8F 90 97 97 95 96 93 95
93 95 95 93 8D 8C 93 95 93 92 98 96 95 93 92 99
89 90 94 94 92 92 92 95 94 94 97 9B 96 93 90 98
8F 96 95 98 98 97 95 99 93 95 9C 98 95 93 90 93
96 98 96 94 97 96 95 93 94 94 92 94 96 94 91 92
93 96 93 94 97 95 95 94 8F 90 94 95 98 97 95 95
