80 7E 81 80 7C 7B 7C 75 6B 74 72 73 64 67 67 66
7D 7D 79 7D 7D 78 85 7D 68 6E 6F 70 6B 68 68 6A
78 79 7C 80 81 7B 7B 7A 79 74 70 71 69 6D 68 66
80 73 78 77 78 80 85 7A 7C 80 74 76 68 6A 6E 68
82 7A 76 73 77 76 80 78 77 81 76 71 6C 6B 6F 6E
79 7A 76 70 7A 7B 78 77 70 79 73 6E 6B 63 67 6F
81 78 72 72 74 7C 74 72 73 71 6D 73 68 66 64 6B
83 83 7C 7D 79 77 77 72 7A 75 72 78 71 67 65 69
81 80 7E 81 81 7A 7B 76 74 7A 76 74 70 65 60 67
77 78 79 7E 82 74 7D 7E 78 78 77 73 74 70 65 62
70 70 77 79 80 7B 79 80 7D 78 74 74 7D 7A 78 6B
72 6C 70 70 77 76 6F 77 76 76 75 75 7B 75 7E 71
6F 71 72 73 74 72 71 71 79 73 73 74 78 77 76 74
6E 74 74 6D 6E 74 7A 72 77 75 72 74 75 81 7B 70
71 6D 73 75 72 72 77 6F 75 7D 72 6F 73 7D 80 77
71 70 76 75 76 76 78 75 6F 7D 76 70 73 7B 7B 78
