4E 40 3A 3B 41 42 42 41 3D 3E 40 42 3F 40 45 44
49 50 3F 3B 3F 40 47 47 48 3F 3F 42 42 3C 3C 45
3C 47 4D 4E 3D 3F 3E 45 47 42 3F 40 46 3E 3C 3D
41 3E 40 46 55 47 42 41 47 48 43 41 41 44 43 3F
46 42 40 40 3F 51 4D 3F 41 44 3F 46 44 42 46 42
44 47 46 42 3F 43 45 46 44 43 3F 3F 41 42 43 44
46 44 42 41 41 43 44 42 45 49 42 44 43 42 46 42
43 44 47 49 49 45 47 47 42 43 46 42 43 40 44 43
51 4A 49 4A 4C 4C 49 45 48 47 45 42 46 44 42 4A
41 42 45 46 45 4A 48 47 44 48 45 45 47 48 47 43
3D 44 44 40 44 40 41 41 43 44 46 4C 4A 47 44 4A
42 3F 42 44 42 44 46 46 42 3E 47 49 46 43 48 41
44 41 42 47 49 49 47 45 45 44 4B 44 42 44 42 42
43 45 42 45 47 45 43 45 45 4A 46 46 45 43 43 43
43 45 43 44 46 47 4B 45 4A 4E 46 48 46 44 45 47
46 46 45 43 46 4B 47 4B 50 45 48 43 47 45 44 45
