79 7C 77 75 74 74 70 76 74 77 7B 77 6F 72 71 6E
7E 7E 76 78 75 74 74 71 71 77 78 74 71 75 6E 6D
7E 7D 7A 7A 75 73 71 73 72 73 73 6F 72 78 70 72
7E 80 7F 7B 7A 72 7A 70 6B 70 74 6F 77 79 72 73
85 80 7C 79 7A 70 74 6C 6E 78 74 73 76 74 75 72
82 81 79 7F 79 70 75 70 73 79 77 74 72 75 72 75
81 7B 7A 7C 75 77 72 71 72 79 74 71 72 73 75 77
7E 7D 7C 79 74 72 72 70 77 77 73 75 75 73 77 72
81 78 79 79 77 75 75 70 73 77 73 74 76 75 77 74
7A 75 75 79 75 77 75 6C 75 75 71 76 73 70 75 6F
75 73 73 77 71 7B 79 6F 74 71 71 79 70 74 73 6F
7A 77 76 74 77 7A 75 72 73 6D 74 77 6E 6F 72 70
80 7D 7E 7B 79 76 72 76 74 71 74 74 71 6F 6F 6E
7F 7F 7E 80 79 75 75 71 74 72 75 72 71 6E 70 70
7E 7C 7A 7F 79 74 71 75 71 70 73 70 70 70 71 6E
80 7C 77 78 75 77 72 72 6F 73 6E 70 6F 6D 72 6C
