92 94 97 91 93 90 92 92 97 95 9B 94 9A 9B 9B 9A
92 94 94 91 93 93 92 94 99 98 9B 9C 9D 99 98 9D
92 96 96 94 95 94 93 96 97 98 99 95 99 99 98 98
94 96 95 96 94 91 94 96 95 97 97 96 99 97 97 9A
93 97 97 96 94 94 94 9A 94 95 9B 97 98 93 9B 9D
93 93 97 93 93 91 94 97 95 97 99 99 97 95 96 9D
93 93 97 93 96 93 92 94 97 98 99 96 95 95 9A A0
96 95 92 90 8E 93 92 97 99 95 93 94 93 94 9B 9D
91 94 97 93 8F 90 94 96 95 93 93 95 93 95 9A 9C
93 92 92 94 91 91 97 98 96 94 91 94 91 95 9E 9C
95 93 92 94 8F 90 92 96 94 94 95 94 94 96 98 9D
93 90 94 94 91 93 90 90 91 8F 91 94 94 95 97 9B
96 94 95 92 93 97 91 94 8B 8D 8E 90 94 99 97 9A
91 93 95 96 91 99 90 92 8D 8C 8C 8D 96 9B 97 9C
94 94 96 95 97 97 93 92 8B 8B 8B 8E 96 96 98 9C
96 96 9C 97 9A 94 98 93 8D 8C 8B 90 93 92 9C 9B
