91 93 93 8E 8D 8D 95 92 93 92 92 91 93 94 94 92
94 94 93 91 8C 93 95 95 95 93 8F 90 90 93 94 9B
97 97 94 91 8B 94 96 96 93 93 93 90 90 92 97 99
99 99 96 95 8E 8F 93 94 93 93 8F 8F 92 93 98 91
99 96 97 96 94 90 91 94 90 91 8F 8F 95 99 96 94
94 94 96 93 92 92 93 93 92 92 92 91 92 98 93 94
90 93 95 93 8E 92 91 92 94 90 94 97 96 98 97 97
94 94 92 8E 8E 8C 92 97 96 92 94 92 93 98 95 92
93 92 92 92 90 91 94 96 96 96 93 90 90 96 90 90
90 91 92 92 8D 94 92 94 93 94 93 90 93 95 90 8C
93 8F 94 93 91 91 90 95 93 94 94 92 92 92 93 90
95 8B 98 95 94 94 96 96 93 96 96 91 8E 8E 8F 94
94 92 97 96 94 94 94 93 94 95 98 93 8E 8C 90 94
94 92 98 96 95 94 93 95 97 97 95 90 8F 8F 90 95
97 94 96 95 91 8F 95 94 96 96 94 95 8F 92 94 92
99 96 8F 95 93 91 93 91 96 94 92 95 91 92 92 8F
