7B 78 7A 75 7B 76 70 74 73 73 75 75 76 74 77 78
7F 7A 7B 75 75 76 72 73 74 76 76 76 7B 77 78 76
7E 7D 7B 7B 75 74 73 72 74 7A 75 79 7A 78 75 77
7E 7B 76 78 78 75 72 79 78 7B 78 79 7A 77 75 76
81 79 76 77 77 79 77 78 7C 7C 77 78 78 78 78 75
7C 7B 77 76 73 79 7A 77 79 78 74 74 77 7B 74 78
78 78 79 77 78 7B 77 76 75 73 71 79 79 79 76 76
7F 78 79 79 7B 7A 7B 75 76 76 76 78 76 78 76 76
7E 77 7A 7F 7B 75 77 78 7C 79 74 77 77 77 78 76
82 7D 7B 7E 77 73 76 7B 80 79 76 79 76 77 7B 77
7A 7D 81 7C 75 7B 7D 7D 81 7A 7A 80 76 74 73 73
7A 80 7F 79 76 79 7C 79 77 75 78 7E 75 75 73 70
79 7F 7A 77 78 78 84 7C 74 72 77 7C 79 76 75 73
7D 85 7B 77 7D 7B 77 7B 76 74 7A 7A 79 7B 75 73
81 7D 7B 78 78 75 75 71 77 79 78 79 79 79 77 72
7B 7D 7B 77 74 73 75 72 79 7D 7A 7F 76 71 71 6E
