34 33 38 35 35 36 33 37 35 35 34 35 38 35 31 39
3B 3D 3C 39 48 4A 47 42 38 31 3A 39 34 35 34 33
3C 32 33 31 32 38 3A 35 30 33 3B 37 35 35 32 31
34 36 32 30 30 36 34 35 3E 44 3C 35 36 3B 38 31
34 34 34 34 35 3A 36 37 3C 3A 39 34 33 30 35 32
38 3C 3D 3B 37 3E 3F 34 36 35 36 34 34 37 30 31
3C 3A 35 35 3B 3A 3C 3A 3B 34 39 37 33 36 34 33
37 3A 36 3C 3C 3A 35 35 37 34 38 3C 3B 3A 3A 3E
3F 3F 44 41 3F 38 39 37 38 37 36 33 37 35 35 36
42 4D 45 3A 38 36 36 33 35 34 37 37 39 3A 39 38
3B 3B 3C 3D 39 37 35 33 2E 33 35 3A 38 39 3A 3D
37 35 38 3D 39 34 33 36 35 33 36 34 39 3A 4A 42
32 32 39 3B 41 39 36 35 36 35 32 38 38 3B 35 35
3C 37 34 32 37 42 38 3A 36 37 38 41 38 38 36 31
3A 3A 3C 3A 31 32 3C 34 37 34 32 36 37 35 37 36
37 38 3A 3D 3F 38 39 3E 39 33 34 35 36 34 33 31
