86 89 88 89 8A 89 8A 8C 88 89 8B 8B 8A 8B 8B 89
88 89 87 87 86 88 89 8A 85 89 8B 8A 8C 8D 89 8F
87 89 83 84 8A 8A 89 88 84 87 8A 89 89 86 85 8B
85 89 84 84 88 88 8B 89 88 86 88 87 89 88 88 87
87 8A 87 87 85 87 8C 89 88 86 8A 8C 8A 87 87 87
87 88 88 85 83 85 89 8B 88 86 89 8A 86 82 86 88
86 84 86 83 82 83 87 8A 87 84 86 87 86 84 87 8B
85 87 85 84 81 80 87 88 88 84 8A 87 86 7E 86 8A
88 87 86 83 82 84 87 89 89 8A 8B 87 85 84 83 83
86 8A 86 85 86 87 7D 81 8B 8C 8B 8C 8C 8A 82 81
87 88 87 88 88 87 83 85 83 8A 8C 8D 8E 8C 85 81
86 86 84 84 84 89 89 89 88 8A 88 8A 8C 8A 82 81
86 85 81 82 82 89 89 89 8A 84 83 86 88 88 85 81
88 86 82 85 84 86 8A 8B 8A 84 82 87 81 82 89 83
87 86 83 88 85 87 8B 89 88 83 82 82 84 82 82 81
85 85 85 87 89 8A 89 88 87 85 81 80 86 7E 7E 86
