20 20 20 21 20 22 1F 20 23 21 23 23 24 24 26 29
20 21 20 20 1E 21 22 21 21 20 23 24 24 26 26 28
20 1E 21 20 22 22 20 21 22 21 22 24 24 24 25 28
20 20 20 20 22 21 21 21 21 22 22 21 23 27 23 26
1F 20 22 20 21 21 22 21 22 22 22 21 24 25 27 26
20 21 22 21 21 21 21 22 22 21 22 22 23 23 24 26
20 22 20 1F 21 20 21 21 21 22 22 21 22 23 24 25
1F 1F 20 1F 20 1F 20 21 21 21 22 20 21 24 23 27
20 1F 1F 21 20 20 21 21 21 22 1E 21 22 23 24 27
20 20 21 20 1E 20 20 1F 22 21 1F 20 22 21 22 25
20 20 1E 1F 1E 1F 20 20 20 20 1F 20 22 22 21 22
20 1F 1E 1E 1F 21 20 21 22 21 1F 1E 20 20 21 22
20 22 22 21 1F 22 21 1F 20 22 1F 1F 20 20 21 22
21 22 21 20 21 20 22 21 20 20 1F 20 1F 22 22 22
22 21 22 21 21 22 22 20 21 1F 21 20 21 21 21 21
20 21 1F 1F 20 21 1F 1F 20 21 22 21 21 1F 20 1F
