6E 63 65 65 62 6C 71 72 6D 70 70 6F 71 75 6E 73
6B 66 68 66 63 6C 6B 75 71 73 6F 6B 6F 72 75 76
70 66 71 64 63 69 6D 70 71 74 74 71 6E 6E 6E 71
74 6C 6A 60 5B 66 72 70 72 75 75 70 74 73 71 76
75 6C 6C 64 58 67 6F 72 72 70 78 75 72 78 76 76
75 73 6F 68 55 66 6D 70 73 76 78 76 73 76 78 7A
76 71 6D 62 59 67 71 75 72 73 75 78 76 73 79 7F
79 72 6A 60 5C 6A 70 73 71 7D 77 74 72 72 78 7C
79 72 6A 64 58 66 6A 70 75 7F 75 72 73 72 7A 7D
76 72 71 69 56 63 68 72 6F 78 72 71 74 72 75 82
78 6D 6F 62 57 5E 6A 70 77 77 73 75 71 71 7C 77
7F 6F 70 60 54 60 68 6F 79 78 72 72 73 71 80 75
85 74 6B 57 50 61 6F 76 77 76 77 76 75 7C 7E 7B
82 75 67 52 4F 60 72 76 7A 7E 79 7A 79 82 84 83
7C 72 67 49 4F 60 6E 77 7A 77 78 7D 7D 8C 86 88
79 71 65 42 4E 61 6F 78 77 7C 7E 83 8A 86 88 86
