6E 6D 6E 70 77 78 75 7C 7C 82 87 85 84 8A 91 99
74 6D 6D 73 78 78 76 74 7C 84 87 84 7F 87 8D 91
72 73 72 74 76 75 77 76 7C 85 86 83 7F 84 87 91
72 72 73 77 76 76 7B 7C 7F 84 84 81 7D 7F 89 93
6B 69 6D 74 77 76 7D 7B 7C 80 83 80 7F 82 87 94
6B 69 6F 76 75 77 7D 7B 80 80 7F 7E 7C 78 84 90
6D 68 6F 73 72 70 75 7D 7D 80 7C 7E 80 78 80 89
68 65 6E 71 73 71 76 73 79 7B 7D 79 7F 78 80 85
6B 64 69 72 75 75 74 75 76 79 7B 7B 7B 75 7B 81
6A 64 69 75 76 75 74 75 71 74 78 79 7A 77 75 7A
6A 63 67 74 74 70 72 74 6F 76 76 76 76 77 75 7B
67 64 67 78 73 70 72 74 6E 75 76 77 75 72 78 74
68 69 68 7E 72 70 70 74 73 74 75 73 73 76 72 74
64 68 6A 76 6F 6D 70 6F 72 75 75 73 72 73 6F 73
64 66 68 64 68 6A 70 72 71 71 74 74 71 73 6E 77
6A 61 6A 68 68 68 6E 74 6E 70 72 6C 6F 70 6F 77
