21 20 21 22 23 22 22 22 23 23 27 46 81 A6 B6 BC
20 21 22 22 21 23 23 22 25 24 27 42 7F A5 B6 BE
21 22 22 21 23 24 24 21 22 23 24 3B 7E A5 B8 BF
1F 20 22 23 22 26 23 22 22 24 22 3A 7F A7 B9 BF
1F 1E 1F 20 21 21 23 22 22 25 28 38 7C A7 B9 C2
1E 20 20 22 22 23 21 22 23 25 24 3A 7C A7 BB C3
20 20 22 21 21 20 21 23 23 24 28 3C 7C A9 BD C2
20 20 20 21 22 22 22 22 23 22 26 3A 7F A9 BD C3
20 22 21 20 21 22 21 22 22 22 27 37 78 A5 BE C4
22 21 22 22 20 1F 21 22 23 23 25 2F 71 A6 BD C7
22 1F 21 21 22 21 22 22 22 23 28 29 64 A3 BD C6
20 21 21 22 21 23 21 21 22 24 25 2A 5C 9F BB C7
1F 20 21 22 22 20 21 22 22 24 23 2A 58 9A BB C5
1D 1F 24 21 21 22 1F 20 23 22 24 27 54 9B BA C6
20 21 20 22 22 21 22 21 23 23 25 25 4E 98 B7 C7
1F 21 21 21 20 20 23 21 23 22 23 29 48 91 B7 C6
