97 94 92 90 90 8B 8C 8C 8D 90 93 90 91 8F 8E 8D
97 98 95 92 95 8D 8A 8C 8E 8F 91 94 8E 93 8D 8D
93 97 96 92 94 8F 89 8D 8B 8E 90 95 91 91 8D 90
97 97 93 92 91 90 8D 8E 8D 91 91 93 91 90 90 97
97 95 92 8F 8D 8F 8F 8F 91 92 90 8F 91 93 8C 93
98 96 93 93 91 8E 8E 91 8F 90 8E 91 92 90 8F 94
95 94 94 94 92 92 8F 91 92 8F 8F 92 98 95 92 93
96 93 92 95 91 91 91 90 93 94 93 95 96 96 90 94
95 94 94 92 94 93 8F 90 92 96 94 92 91 92 8E 91
94 93 95 96 8F 92 94 93 92 92 93 92 95 95 90 96
94 92 96 93 91 93 95 93 92 94 91 92 93 92 95 97
95 95 96 98 92 93 94 92 91 8F 8E 92 95 95 95 90
97 96 96 94 93 95 94 92 91 91 8B 93 96 91 95 93
9B 95 93 94 94 92 95 96 91 90 8E 94 94 94 93 8F
99 94 91 90 8D 92 95 94 95 94 93 95 95 95 96 94
90 93 93 8E 8C 90 94 95 92 91 92 95 95 95 92 91
