98 99 95 8D 88 8A 8B 83 88 85 81 76 77 76 71 77
93 94 8C 8B 8D 8B 87 82 84 82 81 7B 7C 76 75 7A
94 94 90 93 8F 85 81 7F 82 81 80 79 7C 75 76 7A
98 90 8E 8F 8A 80 83 82 82 83 83 7C 77 76 74 71
99 92 8C 88 8A 83 85 81 80 81 81 75 77 73 7A 74
9D 95 89 8E 87 82 82 7E 7C 74 78 75 75 76 79 74
90 8E 8C 8C 85 7D 79 7B 84 75 75 71 73 78 7D 76
82 88 88 8E 84 80 80 85 88 7A 74 75 73 76 7D 70
84 80 80 88 87 7D 7E 83 80 77 76 77 77 75 73 71
84 81 89 83 8B 79 81 82 7A 7D 7C 7A 77 77 74 74
80 84 86 8C 86 84 85 7B 79 7C 7A 79 73 75 74 71
87 88 84 88 87 81 7E 78 78 79 76 71 73 7B 6E 6E
84 8B 87 89 88 7D 79 7A 7B 75 74 71 72 78 71 6B
86 85 85 8D 82 7C 78 7A 7B 7A 6E 6F 74 76 6D 6B
86 82 86 86 85 78 72 7F 78 79 74 71 74 6D 6D 66
7E 84 84 83 80 7A 77 75 7A 71 6D 70 70 6D 6B 65
