00 00 00 00 00 00 00 00 00 00 00 00 00 00 00 00
00 7C 78 98 66 24 2A 34 72 52 3C 64 56 7E 04 00
00 5A 24 3E 6A 40 20 2E 2A 44 36 74 50 52 3C 00
00 2A 18 26 1E 58 3E 34 4E 32 64 20 5E 62 46 00
00 22 12 2A 1A 52 6E 0E 44 62 28 16 4C 3E 56 00
00 20 5A 64 30 56 54 28 58 80 4A 2E 48 52 3A 00
00 24 56 08 36 52 90 36 84 6A 44 46 2E 6A 7C 00
00 86 66 68 68 2C B8 58 86 94 9E 46 64 62 50 00
00 68 2A 1E 30 14 BA A6 D0 FF 5A 30 28 28 3E 00
00 6A 46 56 16 0A 74 98 B2 7A 22 40 28 88 76 00
00 30 52 3E 46 26 5A 38 58 72 16 38 4A 6E 2A 00
00 1A 74 06 3A 18 34 12 74 74 34 60 96 7C 1C 00
00 08 58 3A 36 0A 40 60 C0 A0 7E 6E 3A 24 4C 00
00 28 4C 76 5A 3A 44 78 A4 7C 38 4A 6A 3A 4C 00
00 58 46 30 2C 42 1C 72 92 8A 1E 40 2C 18 34 00
00 00 00 00 00 00 00 00 00 00 00 00 00 00 00 00