00 00 00 00 00 00 00 00 00 00 00 00 00 00 00 00
00 1A 10 20 20 34 26 2E 24 14 14 34 26 24 1C 00
00 10 1A 24 18 20 16 14 14 14 18 16 16 14 06 00
00 10 20 1E 14 1A 10 24 10 16 04 10 0A 0A 16 00
00 24 0E 10 10 24 24 06 10 1A 28 14 0A 06 14 00
00 1A 18 14 10 12 1A 10 1A 14 26 34 1A 16 20 00
00 04 0C 14 2A 1E 22 14 18 14 1A 12 14 06 24 00
00 10 1E 10 1A 10 26 16 1A 0E 1A 1A 10 1A 1A 00
00 20 1A 2E 16 20 42 18 28 16 16 10 1E 0C 1A 00
00 1A 14 10 0A 1E 20 24 1C 3E 20 0A 10 10 04 00
00 08 0A 10 06 20 30 20 20 2A 30 20 16 06 24 00
00 0E 04 18 0A 0A 24 1A 48 14 24 10 1E 2A 24 00
00 14 18 04 0A 10 2A 2E 10 36 10 10 24 28 0A 00
00 00 16 16 24 16 06 16 18 0C 1E 14 20 2C 1A 00
00 0A 1E 1E 10 18 24 1A 06 18 16 10 24 3A 3E 00
00 00 00 00 00 00 00 00 00 00 00 00 00 00 00 00