00 00 00 00 00 00 00 00 00 00 00 00 00 00 00 00
00 1C 10 0C 24 2A 20 26 30 20 1A 26 10 12 28 00
00 20 10 0A 10 0C 1A 28 1E 06 0A 16 14 18 10 00
00 2A 10 06 10 1A 34 1A 10 1A 0A 10 10 0C 1E 00
00 20 06 16 28 20 20 0A 06 30 1A 10 10 10 20 00
00 2A 16 24 0E 12 24 06 14 34 10 18 16 20 2A 00
00 1A 16 20 10 28 16 0A 0C 16 28 1E 16 1E 14 00
00 20 30 2E 30 0C 10 0A 24 2A 26 16 0A 10 18 00
00 0E 1A 1A 34 14 04 1A 1C 1A 0E 1E 12 14 0E 00
00 06 06 10 30 10 0E 16 1E 1E 0C 10 1A 16 2A 00
00 14 0C 1E 26 10 0A 34 1C 10 26 28 18 2E 1A 00
00 20 20 20 26 26 14 1E 10 0A 26 16 0E 1A 1E 00
00 2E 1C 10 14 1E 18 0C 1A 06 2A 20 0E 18 10 00
00 10 2E 30 14 1E 14 04 1A 10 20 20 14 16 1A 00
00 24 2A 24 04 08 1E 0C 16 14 1A 28 08 18 06 00
00 00 00 00 00 00 00 00 00 00 00 00 00 00 00 00