00 00 00 00 00 00 00 00 00 00 00 00 00 00 00 00
00 2A 1A 14 12 0C 10 12 12 18 30 24 20 1A 1A 00
00 1C 04 16 08 2E 26 28 30 08 1C 2E 16 14 10 00
00 24 14 2A 10 1A 1A 18 32 26 08 14 34 0A 38 00
00 12 0C 20 1A 10 10 30 42 0E 24 16 30 14 26 00
00 0E 18 14 04 14 14 04 0A 26 18 24 34 0E 3C 00
00 10 1E 1E 16 14 0E 1A 14 1E 3A 1E 1E 28 0E 00
00 28 2A 10 14 0A 12 0E 24 18 32 20 2E 10 24 00
00 18 34 2A 2A 0C 24 1A 34 18 20 32 0E 12 1E 00
00 38 1A 04 2A 2E 08 1C 2C 12 2A 2E 1A 22 0E 00
00 20 42 26 34 12 18 0A 0C 16 0C 24 08 0C 10 00
00 38 24 1A 1C 24 18 20 2A 34 0E 0E 1E 14 04 00
00 14 20 0C 12 02 14 38 26 2E 14 1C 24 30 0E 00
00 34 38 14 14 34 2E 0A 42 1A 00 38 0A 38 1E 00
00 1E 1C 08 1C 14 0E 32 22 28 02 12 28 16 1A 00
00 00 00 00 00 00 00 00 00 00 00 00 00 00 00 00