00 00 00 00 00 00 00 00 00 00 00 00 00 00 00 00
00 24 3E 3C 08 1E 1C 1A 0A 10 0C 1A 24 18 2C 00
00 26 2E 1C 10 0A 00 1A 24 1A 0E 20 26 48 2C 00
00 24 00 1E 16 2A 2A 30 26 2A 16 38 26 1A 2A 00
00 24 26 24 26 46 34 1C 16 20 10 16 30 2A 58 00
00 44 24 08 0A 24 24 40 3E 20 24 10 20 24 30 00
00 30 38 1E 20 3E 48 3C 2A 2E 26 16 0C 16 20 00
00 30 44 20 1E 1A 14 16 24 10 10 1E 1A 2A 2A 00
00 30 36 16 06 24 14 18 16 2A 3A 24 1E 14 1E 00
00 20 10 00 1A 0A 2A 2A 58 20 16 38 14 1E 18 00
00 34 14 10 10 10 2E 22 2A 3E 24 16 22 1C 04 00
00 3E 1A 0A 06 14 12 0C 08 1A 1E 0E 0A 0A 0A 00
00 1C 28 20 16 00 1E 2E 16 2A 22 32 26 20 2A 00
00 10 14 1A 1E 0A 2A 24 3A 42 12 2C 14 08 16 00
00 1E 14 24 02 0A 14 24 3A 06 24 28 20 3E 34 00
00 00 00 00 00 00 00 00 00 00 00 00 00 00 00 00