00 00 00 00 00 00 00 00 00 00 00 00 00 00 00 00
00 0A 16 1A 20 20 10 1C 24 16 0E 16 0A 16 1A 00
00 16 16 10 10 10 00 0A 06 0A 14 14 0A 14 1E 00
00 1A 10 06 0A 0C 14 06 0C 2A 2A 1A 0E 16 2E 00
00 0E 1E 16 00 06 0A 0E 1E 14 10 1E 08 0A 1A 00
00 14 10 20 20 2A 2A 1E 0E 14 20 1E 1A 08 14 00
00 06 22 04 24 0A 2C 28 10 14 10 0E 10 32 16 00
00 38 1A 1A 0C 20 20 14 2E 06 06 10 24 0C 24 00
00 16 1A 10 1E 24 18 1E 20 0A 06 0A 10 30 3A 00
00 24 24 06 14 1A 0A 0E 1A 0A 16 14 1A 3E 1A 00
00 14 14 1A 06 0A 0A 06 24 06 1A 26 48 20 1A 00
00 12 2E 10 0A 06 0E 10 1A 10 10 28 20 14 24 00
00 3E 1E 24 06 10 10 14 06 14 06 26 3E 3A 20 00
00 1C 18 16 14 10 10 0E 18 00 1E 10 04 10 0A 00
00 2A 24 0C 10 0C 14 10 10 28 06 10 24 2A 10 00
00 00 00 00 00 00 00 00 00 00 00 00 00 00 00 00