00 00 00 00 00 00 00 00 00 00 00 00 00 00 00 00
00 20 14 22 0C 0A 0A 00 10 10 04 10 14 16 14 00
00 0A 0C 1C 0A 06 06 0A 16 24 1A 1A 06 16 16 00
00 12 28 28 2E 1A 10 10 0C 10 2A 1E 10 1E 18 00
00 1E 22 1C 0C 24 1A 16 2A 2A 24 14 12 20 06 00
00 16 2A 1A 1A 1A 1A 30 2E 06 04 06 14 1A 14 00
00 1A 10 06 06 06 10 1A 16 1E 10 14 0C 2A 16 00
00 1A 0E 10 14 10 1A 0C 00 0A 30 20 24 20 24 00
00 14 10 06 24 20 10 0A 00 06 34 06 1A 1A 06 00
00 10 16 0A 10 34 04 14 04 04 2A 10 26 20 2A 00
00 14 26 14 06 20 1E 0A 10 0A 10 0A 14 14 1E 00
00 14 1E 16 38 24 10 1A 06 0A 06 14 0A 14 0E 00
00 0E 14 1E 12 0A 1A 1A 2E 0C 28 0C 10 06 0A 00
00 06 10 0E 10 10 16 0A 20 38 1A 34 10 10 16 00
00 0E 0A 0A 1A 0A 1A 06 10 40 2E 20 0A 1A 24 00
00 00 00 00 00 00 00 00 00 00 00 00 00 00 00 00