00 00 00 00 00 00 00 00 00 00 00 00 00 00 00 00
00 1E 0A 10 24 1A 0E 10 10 10 1A 14 06 00 06 00
00 10 14 1A 04 1E 0A 10 10 10 10 0C 10 10 10 00
00 24 1A 1A 0C 16 16 0A 10 10 06 0A 0A 10 10 00
00 1A 30 34 14 10 0A 14 1A 14 1A 06 04 10 14 00
00 10 1E 24 2E 1E 0E 0C 2A 1A 2A 0C 0A 1A 14 00
00 0A 1A 2E 24 24 14 0E 2E 2A 1E 18 06 06 04 00
00 24 24 0C 10 3A 26 2A 1C 10 08 18 16 10 04 00
00 2E 10 0A 0A 20 1A 2A 20 1C 1A 06 14 10 04 00
00 10 16 10 16 16 10 10 10 14 04 14 06 1A 0A 00
00 18 20 0A 1A 1A 00 14 0A 16 0A 16 00 10 06 00
00 14 10 1A 1E 0E 18 10 00 10 0A 1A 06 1A 06 00
00 06 06 1A 04 0A 0E 0A 0A 0C 14 06 1A 20 24 00
00 10 10 10 06 0A 06 10 10 10 10 1A 1A 16 2A 00
00 1A 14 16 10 06 0A 06 0A 06 10 16 10 0C 10 00
00 00 00 00 00 00 00 00 00 00 00 00 00 00 00 00