00 00 00 00 00 00 00 00 00 00 00 00 00 00 00 00
00 24 14 0E 14 20 06 10 20 14 04 06 1E 10 20 00
00 04 10 1A 0A 1A 10 1A 16 10 0E 0A 06 14 04 00
00 0A 10 14 0E 06 1E 06 14 1A 04 0A 0A 00 00 00
00 0E 22 0E 0A 14 0C 14 12 20 14 12 1A 0C 00 00
00 28 10 18 10 06 14 0A 24 1A 06 1A 14 12 14 00
00 06 14 10 10 00 16 14 30 16 10 1C 1E 08 10 00
00 06 14 24 20 16 24 16 3E 10 10 14 0A 0A 0A 00
00 0A 0C 14 10 10 0C 1E 2A 2A 2A 16 1A 10 10 00
00 10 1A 16 1E 10 06 10 0C 06 0C 0A 16 10 10 00
00 0A 06 06 0E 14 1A 10 1A 1A 24 06 10 0A 06 00
00 1A 10 1A 10 0A 1A 1A 10 10 1E 12 1E 34 40 00
00 0A 10 0A 0A 0A 1A 06 24 2A 24 10 2E 24 34 00
00 0A 1E 04 14 1A 10 14 0A 0A 14 0A 22 44 46 00
00 18 06 18 0A 0A 0A 0A 14 16 10 06 04 1E 10 00
00 00 00 00 00 00 00 00 00 00 00 00 00 00 00 00