00 00 00 00 00 00 00 00 00 00 00 00 00 00 00 00
00 10 0E 16 0E 06 00 06 10 14 1A 0C 0E 1E 1E 00
00 1E 10 24 1A 10 16 24 14 0A 1A 06 14 1A 10 00
00 24 04 06 10 1A 24 0A 1E 1A 10 06 0A 10 10 00
00 08 0E 04 14 10 0A 1E 16 06 06 10 10 06 16 00
00 00 10 16 2A 20 20 16 16 1A 16 18 0E 10 24 00
00 14 06 14 16 1A 20 24 16 1A 24 10 1A 1A 0C 00
00 06 00 06 1A 0A 0A 16 1A 0A 04 2E 16 20 1A 00
00 24 16 10 06 0A 0A 1E 1A 0A 14 1A 10 14 14 00
00 10 16 1E 0C 04 00 08 1A 0A 06 16 1A 10 10 00
00 10 30 26 34 1A 06 24 24 06 06 0A 0A 10 10 00
00 10 1A 32 16 10 14 10 10 0A 0A 06 0E 16 2E 00
00 0A 14 20 24 1A 16 24 2A 1A 0C 1E 10 1E 06 00
00 10 06 0A 06 06 0A 06 10 2E 1C 0A 14 04 14 00
00 0A 00 06 0A 10 06 1E 24 0A 2E 0A 10 06 00 00
00 00 00 00 00 00 00 00 00 00 00 00 00 00 00 00