00 00 00 00 00 00 00 00 00 00 00 00 00 00 00 00
00 06 14 14 1A 1A 06 2E 1A 0C 14 06 14 10 10 00
00 1A 0A 14 10 16 28 0C 0A 14 06 06 1A 1A 1A 00
00 06 24 1A 06 10 1A 20 10 06 00 10 10 14 04 00
00 1E 10 0A 1A 20 10 10 06 0A 06 0E 18 1A 14 00
00 06 14 10 10 10 14 16 14 06 14 0A 1E 14 0A 00
00 02 14 0C 1A 20 1A 14 0A 0A 0C 06 20 0C 0E 00
00 06 00 00 0A 00 1A 1A 10 0C 1E 04 18 04 12 00
00 10 06 0A 1A 20 10 0A 06 14 0C 14 08 0E 0E 00
00 14 10 1A 1E 10 10 0A 06 06 14 0C 06 0A 0A 00
00 06 1A 1A 10 1A 10 00 0A 00 06 14 06 10 14 00
00 0A 06 06 00 12 14 0A 06 06 0A 00 0A 10 14 00
00 0E 0A 10 0A 24 00 1A 0A 0E 06 0A 00 04 00 00
00 0C 20 34 16 16 1A 20 10 0A 14 00 10 14 10 00
00 08 28 14 24 06 0A 06 10 06 06 0A 14 08 1A 00
00 00 00 00 00 00 00 00 00 00 00 00 00 00 00 00