00 00 00 00 00 00 00 00 00 00 00 00 00 00 00 00
00 0A 0A 10 0E 10 14 1A 10 0A 0A 06 00 00 0A 00
00 06 06 10 0A 1E 0A 06 0A 10 06 0A 06 00 0A 00
00 10 1A 20 0A 10 0A 04 0A 06 0A 00 0A 06 0A 00
00 1E 10 14 1A 06 0A 00 0A 00 06 0A 06 0A 00 00
00 0A 1E 14 14 1A 00 0A 06 00 00 00 00 06 06 00
00 1A 04 1A 14 10 0A 06 0A 06 10 10 06 14 10 00
00 1E 04 06 06 0C 16 14 06 1A 14 10 24 16 2A 00
00 14 10 0A 10 1E 1E 0A 1A 14 1A 2E 0A 1E 14 00
00 1A 06 06 24 1A 1A 20 1A 0A 1E 04 1E 10 0E 00
00 24 20 1A 06 04 14 20 10 16 16 10 06 0A 06 00
00 06 10 10 00 0A 0A 10 10 14 0E 0A 06 00 00 00
00 1A 1A 10 06 10 14 16 20 24 10 0E 0A 00 00 00
00 1A 10 06 0A 10 14 1A 10 1A 20 18 10 06 0A 00
00 06 0A 00 0A 14 0A 10 14 20 1A 0E 10 0A 00 00
00 00 00 00 00 00 00 00 00 00 00 00 00 00 00 00