00 00 00 00 00 00 00 00 00 00 00 00 00 00 00 00
00 1A 24 24 0A 10 14 18 06 0A 0A 14 14 14 10 00
00 3A 20 10 10 14 0A 10 0A 00 0E 0A 0E 08 0A 00
00 14 18 14 10 0A 14 06 06 14 0A 1A 0A 08 0E 00
00 16 18 14 1A 0A 0A 0A 10 16 34 16 10 0E 14 00
00 0A 06 1A 20 14 10 0A 06 28 0A 1E 06 1E 08 00
00 06 0A 0A 0A 18 08 0E 16 20 38 0C 14 06 14 00
00 0A 0A 00 1A 1A 24 06 10 14 1A 0E 10 10 06 00
00 0A 06 0A 10 14 10 0A 06 14 10 0C 0A 14 06 00
00 10 06 00 06 10 10 06 00 06 0A 14 10 16 14 00
00 0A 10 0A 06 00 00 00 00 00 0A 10 14 1E 0A 00
00 0A 06 00 0A 06 0A 06 00 00 06 10 10 16 0A 00
00 0E 04 10 10 10 0A 18 16 10 06 0A 06 10 0A 00
00 14 06 1E 0A 0C 1E 1E 0A 10 0A 06 0A 06 0A 00
00 0C 0A 16 0A 14 10 2A 16 10 0C 1E 06 06 0A 00
00 00 00 00 00 00 00 00 00 00 00 00 00 00 00 00