00 00 00 00 00 00 00 00 00 00 00 00 00 00 00 00
00 06 10 18 0A 10 10 12 26 1E 26 28 12 06 1A 00
00 22 14 1A 30 2A 10 1E 16 24 20 30 24 16 1A 00
00 10 34 3E 24 1E 14 16 16 14 10 26 16 20 20 00
00 1E 0A 26 18 0A 12 16 28 16 1A 30 1A 0A 1A 00
00 16 34 3E 16 0A 10 18 0A 3E 10 2A 34 20 1C 00
00 06 16 16 1E 0C 26 20 3E 2A 28 1E 0E 20 2C 00
00 04 1E 0A 0A 10 2E 1E 1E 0A 18 20 1E 0A 08 00
00 14 22 1A 1A 18 18 1A 0C 1A 04 0A 0A 16 0E 00
00 0A 1A 10 28 34 44 2E 22 28 16 10 10 1A 0A 00
00 06 16 2E 36 40 2A 20 16 1E 20 10 0C 1A 1A 00
00 00 04 16 26 54 2C 3E 12 1A 16 14 24 26 38 00
00 24 2A 24 16 40 2A 30 16 24 0E 12 12 38 14 00
00 0A 2A 34 1A 36 16 20 10 2A 0E 34 1E 0C 10 00
00 14 1C 10 0E 24 14 10 0A 20 14 3A 0A 0C 24 00
00 00 00 00 00 00 00 00 00 00 00 00 00 00 00 00