00 00 00 00 00 00 00 00 00 00 00 00 00 00 00 00
00 0A 00 00 10 0A 24 1E 0A 1A 1A 16 24 1A 06 00
00 06 00 00 06 0A 06 20 1A 2A 16 16 14 14 1A 00
00 06 10 10 06 06 0A 06 14 0C 10 14 10 24 00 00
00 10 14 10 0A 0A 0A 18 1A 10 1A 06 1A 10 1A 00
00 14 0A 10 06 0A 14 1C 20 2C 0A 10 0A 10 1A 00
00 04 00 0C 0E 0A 14 14 48 0A 1E 10 0A 0A 0C 00
00 04 0C 2E 1A 1A 10 18 24 18 14 1A 06 00 0A 00
00 14 1E 10 0A 14 06 0A 14 28 1A 04 00 00 06 00
00 1A 10 10 16 14 0A 0C 06 08 1A 14 00 00 10 00
00 14 0A 10 04 1A 24 24 10 1E 14 10 06 00 10 00
00 10 24 1A 1A 24 0C 16 06 0C 04 14 10 0A 0C 00
00 14 1A 0A 2A 20 1A 24 0A 1A 1E 10 06 00 00 00
00 04 1E 1A 1A 2A 26 14 18 16 0C 14 0C 1A 16 00
00 10 0E 20 22 0C 1E 20 10 06 06 10 10 14 10 00
00 00 00 00 00 00 00 00 00 00 00 00 00 00 00 00