00 00 00 00 00 00 00 00 00 00 00 00 00 00 00 00
00 0A 1E 0A 10 06 0A 06 06 0A 10 0A 14 00 0A 00
00 10 20 10 0A 1A 06 0A 06 0A 00 0A 10 10 10 00
00 38 1A 0E 14 0A 14 00 0E 0A 0A 10 0A 0A 06 00
00 10 1E 0E 06 0E 00 14 1A 1E 10 1A 0E 0E 0A 00
00 20 26 14 20 24 1E 10 14 0E 06 1A 24 10 04 00
00 0E 10 1E 22 0E 14 14 10 14 1E 0C 20 16 1E 00
00 14 0A 10 16 16 34 0C 06 14 1A 0E 0E 0E 0E 00
00 14 10 0A 10 0A 10 20 24 10 0A 16 1A 06 06 00
00 10 06 00 10 06 24 38 08 24 20 1A 16 1A 10 00
00 10 0A 06 10 10 24 18 22 06 1A 10 10 1A 1A 00
00 10 00 0A 1A 2A 2C 14 1A 16 20 2A 06 10 0C 00
00 06 10 14 14 14 2A 1A 10 10 0A 20 10 1A 06 00
00 10 1A 14 20 14 16 06 0A 20 0A 20 10 10 14 00
00 00 06 04 10 06 10 06 10 26 10 10 24 06 10 00
00 00 00 00 00 00 00 00 00 00 00 00 00 00 00 00