00 00 00 00 00 00 00 00 00 00 00 00 00 00 00 00
00 24 14 0E 0A 2A 14 24 10 10 10 1A 06 14 0C 00
00 06 10 06 1A 1A 14 14 1E 06 14 06 14 06 14 00
00 00 16 14 10 14 14 14 1A 14 06 14 0C 00 06 00
00 0A 1A 06 10 10 0A 14 1E 14 14 06 06 16 1A 00
00 0A 06 0A 0C 14 0E 00 1A 1A 0A 0A 0A 14 00 00
00 16 1A 16 0E 14 0A 14 06 0E 10 14 00 16 1A 00
00 1A 10 2E 0E 0A 1A 0C 10 10 2E 06 14 0A 06 00
00 10 1A 30 06 10 0A 00 10 14 10 28 10 0A 10 00
00 0C 1A 14 14 10 0C 10 16 16 14 06 0E 06 10 00
00 10 14 0E 0A 0E 0E 14 10 14 00 0A 0A 00 06 00
00 06 0A 10 14 06 1A 24 20 06 10 0A 04 14 0C 00
00 0A 06 0A 0A 0A 1A 24 20 12 18 0A 00 0A 1E 00
00 00 00 06 14 14 10 24 16 14 0A 18 04 0E 06 00
00 10 10 04 10 0A 10 10 06 10 0A 0C 06 04 14 00
00 00 00 00 00 00 00 00 00 00 00 00 00 00 00 00