00 00 00 00 00 00 00 00 00 00 00 00 00 00 00 00
00 04 20 22 2E 10 10 16 0A 28 24 30 5A 2C 36 00
00 26 0A 14 20 0C 28 3A 40 50 40 3A 50 36 54 00
00 02 1E 10 30 2E 0E 20 2C 3E 1C 20 42 44 40 00
00 14 20 06 16 20 24 1C 3A 44 16 16 44 30 30 00
00 06 24 14 20 10 14 34 26 26 2C 48 40 2A 1C 00
00 2A 1A 2E 20 16 34 34 16 36 48 26 22 36 40 00
00 34 14 10 16 26 2E 10 2A 4A 32 3A 3A 2A 3C 00
00 26 14 1E 2A 2E 06 14 16 40 20 2E 50 32 4E 00
00 16 0A 0E 3A 1C 14 20 34 44 16 08 44 34 42 00
00 0A 16 20 36 2A 18 0A 0C 16 1E 3E 5A 32 52 00
00 16 34 34 2C 30 18 1E 2A 24 30 4E 42 50 4A 00
00 06 0C 34 40 4E 44 16 26 36 48 2C 3A 3E 22 00
00 36 34 16 10 1C 3A 2E 30 44 20 2E 42 50 4A 00
00 44 04 28 26 58 4A 22 30 30 0C 20 2A 3E 54 00
00 00 00 00 00 00 00 00 00 00 00 00 00 00 00 00