00 00 00 00 00 00 00 00 00 00 00 00 00 00 00 00
00 10 0A 1A 04 38 20 24 00 14 10 0C 06 12 1E 00
00 3E 30 12 14 18 38 20 16 1A 10 1A 1A 2A 10 00
00 14 38 16 16 10 1A 2E 26 2A 30 36 1A 2E 0A 00
00 10 12 14 18 0C 10 0A 14 0C 24 2E 0A 16 08 00
00 10 1A 24 0A 14 14 0A 10 1A 2A 20 0E 0E 1A 00
00 14 20 16 1E 20 20 14 1E 0C 26 1A 0C 0A 28 00
00 0A 12 1A 16 0A 14 24 0A 10 34 16 1E 1E 0E 00
00 14 10 0A 06 10 14 16 0A 20 36 48 1A 08 24 00
00 0A 06 06 20 24 0C 14 16 2E 16 20 14 10 10 00
00 00 06 14 1A 06 06 10 14 14 16 1A 08 14 10 00
00 16 24 10 1A 2A 2A 24 2A 10 1A 16 14 14 1A 00
00 1A 16 2E 10 10 00 14 24 0A 10 20 24 0A 16 00
00 26 2E 20 1E 2A 1E 06 0C 0A 14 1E 16 24 1A 00
00 0A 20 24 1A 14 24 1E 16 14 0A 10 14 20 06 00
00 00 00 00 00 00 00 00 00 00 00 00 00 00 00 00