00 00 00 00 00 00 00 00 00 00 00 00 00 00 00 00
00 06 10 10 10 1A 0A 1A 2A 24 10 10 14 06 10 00
00 06 0A 04 0A 0A 1A 00 16 20 20 10 00 0A 10 00
00 1A 14 10 0A 16 2E 30 0C 10 14 04 14 06 10 00
00 16 0E 18 0E 20 14 34 2E 14 0A 10 16 1A 10 00
00 16 24 22 34 14 14 16 10 1E 0E 14 10 10 10 00
00 00 10 1E 16 22 0E 04 0A 16 06 24 0C 10 1A 00
00 10 0A 0A 24 26 06 06 14 0A 24 20 10 10 00 00
00 06 00 04 0A 0E 0E 14 06 0E 10 24 1C 14 16 00
00 0A 06 0E 00 14 10 16 0A 04 14 10 24 0A 1A 00
00 06 0E 14 14 00 0A 10 00 10 20 34 20 16 24 00
00 06 1A 24 10 0A 06 16 10 1A 10 1A 0A 1A 0A 00
00 0A 0A 10 0A 10 1A 1A 1A 24 06 24 10 06 14 00
00 06 14 1A 0A 0A 16 20 2A 10 24 1A 0A 00 06 00
00 10 16 0A 24 20 04 1A 24 10 1A 0A 10 06 06 00
00 00 00 00 00 00 00 00 00 00 00 00 00 00 00 00