00 00 00 00 00 00 00 00 00 00 00 00 00 00 00 00
00 10 10 30 0A 2A 10 20 0A 1A 0E 28 06 14 1A 00
00 10 0A 2A 06 20 06 10 06 20 1A 16 0A 0A 06 00
00 10 0C 34 16 24 10 1A 10 10 06 10 1A 10 10 00
00 24 0E 20 16 20 06 06 06 10 10 18 24 10 10 00
00 20 1A 3E 14 1E 04 20 24 1A 24 10 3A 14 14 00
00 10 14 0C 24 2A 1A 1A 06 0A 2A 16 3E 14 14 00
00 0C 24 20 14 1E 1A 1A 1A 06 20 24 2A 1A 16 00
00 0A 06 1A 14 0A 0E 0C 14 0A 06 1A 16 06 06 00
00 0C 1A 1C 1A 10 0A 14 00 0E 0E 16 1A 16 14 00
00 10 0A 0A 10 0E 0C 16 2E 20 16 28 06 14 14 00
00 20 24 1E 1A 1E 10 1E 06 1E 12 2E 3A 30 1A 00
00 16 0A 24 24 26 10 12 2A 26 24 20 14 20 0A 00
00 04 20 34 06 10 14 1A 20 1E 1A 26 16 2A 00 00
00 04 2C 1E 1A 20 10 10 14 18 10 1A 10 26 1E 00
00 00 00 00 00 00 00 00 00 00 00 00 00 00 00 00