00 00 00 00 00 00 00 00 00 00 00 00 00 00 00 00
00 16 34 14 1E 10 16 0E 20 24 04 14 34 24 12 00
00 2A 24 1E 20 06 1E 18 06 1A 14 16 20 24 20 00
00 34 16 38 0C 0A 16 20 10 0C 06 20 0A 12 18 00
00 3A 10 16 0A 04 34 30 2A 20 14 14 0E 0E 10 00
00 1A 14 16 0E 16 3E 0A 2E 06 0A 1E 1E 08 1E 00
00 26 10 16 0A 28 2A 2E 2A 16 1E 10 24 06 1E 00
00 24 1A 2A 16 16 10 20 0C 10 0A 02 20 2E 10 00
00 20 1A 10 0E 0E 14 0A 06 1E 06 1E 10 06 1E 00
00 1C 2E 20 0E 0E 04 04 0A 0C 2E 16 14 10 10 00
00 06 10 16 0E 08 0A 14 16 04 1A 14 0A 10 24 00
00 0C 24 30 18 28 26 20 2A 1E 16 0C 12 24 14 00
00 1A 14 1A 14 24 1A 0A 1C 16 0A 18 22 06 18 00
00 14 16 16 14 10 34 2A 1A 1A 22 04 22 20 14 00
00 0E 10 04 32 36 10 34 20 0A 1E 1E 18 0A 0C 00
00 00 00 00 00 00 00 00 00 00 00 00 00 00 00 00