00 00 00 00 00 00 00 00 00 00 00 00 00 00 00 00
00 14 0E 10 04 14 16 1A 14 0A 1A 32 14 2C 0E 00
00 10 24 1A 24 00 1A 20 26 24 26 24 22 1C 1A 00
00 0A 1A 1A 10 14 14 1A 16 1A 2A 24 24 10 24 00
00 10 0A 14 0A 1A 2A 14 14 1A 10 06 16 06 0C 00
00 20 0A 1A 10 0A 1A 32 20 1A 0C 0A 2A 24 20 00
00 10 14 14 10 20 38 10 38 14 00 0A 2A 10 14 00
00 26 1A 0A 14 1A 20 20 20 18 16 14 1A 1A 10 00
00 1A 1A 1A 10 20 06 16 1A 16 10 10 0E 18 26 00
00 10 06 06 06 20 10 24 06 0A 10 06 1A 14 1A 00
00 06 14 0A 0A 24 00 20 2E 16 10 06 1A 10 10 00
00 1A 16 1A 1E 10 14 14 0A 2E 20 14 16 16 1A 00
00 10 0A 06 06 0A 1E 1A 24 14 1A 24 14 24 16 00
00 18 0E 06 0A 06 16 10 26 20 10 30 1E 0A 14 00
00 12 14 0A 06 10 1A 1A 2A 1A 00 16 10 14 24 00
00 00 00 00 00 00 00 00 00 00 00 00 00 00 00 00