00 00 00 00 00 00 00 00 00 00 00 00 00 00 00 00
00 1A 20 2E 16 10 10 0A 10 0E 14 34 26 1A 2A 00
00 06 14 0A 0E 06 00 0A 14 14 28 20 2A 10 1C 00
00 00 06 14 06 0A 00 06 10 24 10 2A 20 06 1A 00
00 10 10 0C 0A 06 00 06 14 00 14 10 06 1A 10 00
00 16 24 20 06 00 00 0A 06 1E 06 10 10 1A 06 00
00 0A 06 20 14 0C 1A 10 0E 0A 1A 10 10 00 14 00
00 16 1E 20 06 2E 14 1A 04 1E 06 14 0E 1A 20 00
00 0C 18 06 0A 16 08 24 0E 14 18 14 1E 0A 1E 00
00 1E 14 10 10 1A 1A 2A 1E 14 0C 04 0C 1A 18 00
00 10 24 20 20 1A 06 14 1A 10 1E 10 1A 14 10 00
00 0A 14 0E 00 0A 0E 0A 1E 24 14 1E 14 00 0A 00
00 10 24 1A 10 14 0C 14 04 16 14 08 10 0A 00 00
00 1A 06 24 06 0A 14 06 06 24 10 14 14 0A 06 00
00 10 14 10 14 06 1A 06 0E 14 10 14 1A 1A 0A 00
00 00 00 00 00 00 00 00 00 00 00 00 00 00 00 00