00 00 00 00 00 00 00 00 00 00 00 00 00 00 00 00
00 0E 0E 1E 0E 14 0C 10 10 14 10 24 24 1A 14 00
00 10 06 12 14 20 20 1A 12 18 14 0A 14 1A 14 00
00 14 06 1E 0A 10 10 1A 1A 1A 24 10 06 0A 0A 00
00 10 10 1A 0A 16 10 20 1A 0A 1A 06 00 06 0A 00
00 00 1A 0A 1A 1A 06 06 00 14 10 10 10 10 00 00
00 10 10 1E 1A 06 1E 0A 06 16 0C 14 10 10 0A 00
00 1A 0A 10 04 20 20 24 10 18 0E 06 16 16 10 00
00 1A 04 0A 06 1A 1E 0A 1A 0A 14 10 2A 24 06 00
00 0A 18 06 0A 0A 1A 1A 10 14 0A 06 16 2A 20 00
00 14 10 10 06 06 14 10 14 0A 06 14 10 06 06 00
00 10 00 0A 00 00 06 10 10 0C 14 14 10 10 1A 00
00 0C 0A 00 0A 06 06 0A 06 0E 14 14 0A 04 0A 00
00 0A 00 0A 06 14 10 06 2A 1E 14 0E 1A 10 1A 00
00 0A 0A 0C 24 10 16 14 1A 14 1E 00 10 06 0C 00
00 00 00 00 00 00 00 00 00 00 00 00 00 00 00 00