00 00 00 00 00 00 00 00 00 00 00 00 00 00 00 00
00 10 06 16 18 12 1A 16 06 20 20 20 10 1A 0A 00
00 1A 10 1E 14 14 10 14 04 1E 06 2E 2E 24 0A 00
00 0A 10 14 1E 0E 0A 00 1E 16 24 0C 1C 0E 0A 00
00 10 1E 0A 1E 1A 0C 0A 16 14 1A 14 24 14 00 00
00 0A 06 1E 10 0A 0A 0A 0A 0A 16 1A 0C 06 16 00
00 0A 0A 06 0A 00 10 16 0A 0A 10 06 10 14 14 00
00 14 0A 00 00 0A 06 14 10 14 10 0A 10 0E 14 00
00 0E 0A 00 00 06 1E 06 10 16 06 06 24 14 10 00
00 14 06 00 00 10 16 38 12 24 10 1A 06 10 14 00
00 16 06 06 0A 16 1E 1A 2E 16 06 1A 04 0A 00 00
00 24 14 0A 06 1A 10 18 16 06 10 24 06 0A 0A 00
00 16 0A 04 10 20 14 14 10 10 1A 10 14 0A 06 00
00 06 06 04 14 1E 14 14 10 00 1A 10 16 0A 06 00
00 10 14 0E 06 18 1A 0A 0A 0A 06 0A 14 06 14 00
00 00 00 00 00 00 00 00 00 00 00 00 00 00 00 00