00 00 00 00 00 00 00 00 00 00 00 00 00 00 00 00
00 1A 14 1A 0A 28 04 24 0E 14 10 10 0C 14 06 00
00 14 14 0C 0E 20 14 14 06 10 00 0C 1E 06 1E 00
00 0A 10 24 1A 0A 10 16 10 16 10 1E 0C 24 1A 00
00 14 1A 1A 20 0A 0A 24 1A 16 14 0A 28 10 18 00
00 06 0A 16 26 20 10 2A 14 28 0A 14 10 10 18 00
00 00 06 1E 1A 24 20 20 28 20 0E 16 14 1A 24 00
00 10 06 10 10 2A 16 10 1E 1A 14 1A 20 1E 1E 00
00 1A 10 10 1A 1A 06 10 10 34 1A 00 14 24 0C 00
00 1A 10 06 1A 06 06 10 1A 1A 14 1A 16 1A 06 00
00 1A 10 06 1A 06 10 10 16 16 20 0C 14 16 14 00
00 20 16 10 1A 10 10 14 10 1E 1E 0E 14 1A 0A 00
00 10 20 1A 1A 0A 10 00 1A 24 28 1A 14 1A 06 00
00 1A 10 10 0A 1E 1A 1A 16 06 10 10 10 06 00 00
00 14 00 0A 2E 1A 0A 1A 1A 00 0A 0A 06 00 00 00
00 00 00 00 00 00 00 00 00 00 00 00 00 00 00 00