00 00 00 00 00 00 00 00 00 00 00 00 00 00 00 00
00 1C 10 1E 30 16 10 2A 10 10 0C 1A 16 14 20 00
00 16 0E 14 1E 1A 08 3E 16 1A 1A 14 20 04 24 00
00 1A 16 2A 1C 30 1E 1A 10 06 24 1E 2A 10 2A 00
00 06 0C 1E 14 1A 28 24 10 10 12 14 10 0A 10 00
00 20 34 1A 26 16 10 42 10 16 18 14 10 10 0A 00
00 0C 16 1A 20 1E 32 12 08 32 10 14 06 2A 24 00
00 1E 2A 24 10 08 26 20 28 0A 1E 0A 10 24 02 00
00 32 0C 18 10 0E 18 0A 12 24 2A 16 14 0A 10 00
00 04 38 14 24 0C 0C 0A 10 34 2A 0C 14 0A 0C 00
00 14 18 10 14 0E 14 04 28 1E 18 0E 0C 22 2A 00
00 14 28 24 1A 28 14 0E 1A 18 0A 14 1A 18 04 00
00 3E 14 04 1E 1A 14 1A 1A 1E 18 08 20 32 1A 00
00 34 1A 12 24 10 06 1A 10 2A 06 2C 10 0A 22 00
00 16 1E 1C 24 30 2A 1A 32 10 18 0C 1A 26 1E 00
00 00 00 00 00 00 00 00 00 00 00 00 00 00 00 00