00 00 00 00 00 00 00 00 00 00 00 00 00 00 00 00
00 2A 1A 10 10 10 10 20 20 1A 12 0A 06 06 14 00
00 24 10 0A 08 1E 14 10 10 0A 14 0A 06 06 0A 00
00 10 10 1A 08 10 0E 1A 20 14 0E 10 10 14 04 00
00 10 18 18 24 1A 04 1A 16 14 16 14 2A 0A 0A 00
00 18 1A 1E 2E 24 12 1A 1A 14 14 0E 26 0E 0E 00
00 10 08 28 1E 24 14 06 14 1A 16 10 2A 06 10 00
00 14 0C 2A 34 10 20 38 16 0A 1A 06 20 06 16 00
00 10 10 16 3A 26 20 10 26 34 2E 0C 24 10 1A 00
00 1A 30 24 30 2E 1C 10 2E 0A 18 14 16 10 0C 00
00 0A 1A 34 20 0C 1A 10 0A 28 1A 0A 10 1A 14 00
00 14 1E 14 1A 1E 0C 0A 1E 04 2A 16 16 0C 0E 00
00 10 16 24 14 26 20 1A 14 22 1A 00 1A 1A 10 00
00 0A 0A 0E 22 28 1A 34 1A 16 16 10 1A 14 04 00
00 06 06 14 10 18 20 12 0A 06 0A 00 06 1A 10 00
00 00 00 00 00 00 00 00 00 00 00 00 00 00 00 00