00 00 00 00 00 00 00 00 00 00 00 00 00 00 00 00
00 10 0A 14 00 14 10 06 0A 04 0A 0A 0A 06 10 00
00 1A 06 06 14 06 0A 00 06 10 10 1A 06 0A 06 00
00 0A 06 10 16 10 00 10 0E 0A 06 06 14 0C 0A 00
00 06 0A 0A 1A 14 04 14 14 14 10 0A 06 0A 06 00
00 0A 00 14 1A 0A 0E 06 04 10 06 00 00 06 1E 00
00 10 10 06 10 10 04 14 0A 0A 00 00 00 0A 06 00
00 14 10 00 00 00 06 1A 10 06 00 00 00 06 0A 00
00 10 0C 0A 0A 06 0A 00 0A 00 06 0A 06 10 10 00
00 0A 0A 0A 0A 0A 06 10 16 10 0A 00 14 14 10 00
00 0A 0A 0A 0A 06 00 0A 0A 0A 0A 0A 0E 16 16 00
00 10 1A 06 06 0A 0A 00 10 0A 0A 0E 16 0E 0E 00
00 1A 10 10 14 10 0A 0A 06 14 0A 14 14 14 06 00
00 16 0A 10 06 10 10 06 0A 06 0E 10 1A 06 0E 00
00 1A 18 08 06 10 14 06 0A 0A 06 0A 0C 1E 14 00
00 00 00 00 00 00 00 00 00 00 00 00 00 00 00 00