00 00 00 00 00 00 00 00 00 00 00 00 00 00 00 00
00 34 5C 1A 96 9C 4E 60 7C 32 26 20 2A 3A 38 00
00 28 6A 72 70 82 2E AE B6 6A 22 28 32 40 3C 00
00 78 5A 4C 46 8E 3E 76 98 9E 86 32 56 92 76 00
00 52 36 5A 54 92 6A 10 7C 7A 82 62 34 40 38 00
00 8E 52 12 80 1C 68 8A 7C 9A 92 40 0C 14 14 00
00 50 36 3A 50 20 0A 50 64 A8 58 40 1E 28 16 00
00 3E 38 7C 6A 2C 2E 36 7C 6E 5E 5C 44 4C 36 00
00 24 68 A0 1A 60 34 16 7E 40 38 66 46 1C 6C 00
00 54 72 70 6C 0C 28 30 68 84 70 3A 44 22 66 00
00 6A 4C 22 44 42 32 3E 50 78 44 12 56 0E 28 00
00 76 58 30 3E 44 38 42 2A 98 88 2E 3C 18 3A 00
00 94 3A 16 42 2C 44 5A 2A 64 88 3E 68 50 2C 00
00 88 46 4C 74 98 0C 40 30 98 A8 44 22 76 46 00
00 FF 92 38 1E 82 5C 74 70 A4 66 26 74 98 20 00
00 00 00 00 00 00 00 00 00 00 00 00 00 00 00 00