00 00 00 00 00 00 00 00 00 00 00 00 00 00 00 00
00 0E 10 10 16 24 06 10 2E 24 10 0A 06 1A 56 00
00 0E 0E 06 14 14 1A 1A 24 08 26 1A 2A 14 30 00
00 1E 16 06 1A 14 0A 16 10 0C 2A 2E 1A 1A 40 00
00 14 1A 00 06 1A 1A 1A 1A 0A 04 10 14 1A 34 00
00 18 16 00 00 06 10 0A 14 14 0A 14 0C 0C 30 00
00 14 16 10 06 0A 1A 1A 20 10 0A 0A 1A 10 16 00
00 10 10 14 1A 10 24 06 0A 24 14 10 10 1A 16 00
00 10 10 0C 1A 1A 16 00 1A 24 1A 10 06 10 24 00
00 10 0A 18 14 2A 1A 06 0E 28 1A 14 06 0A 10 00
00 0A 06 16 28 20 06 1A 0E 14 1E 10 0A 06 0A 00
00 06 1E 10 0E 04 00 16 0A 14 04 10 14 06 00 00
00 14 10 16 14 18 06 10 0A 06 06 14 00 14 06 00
00 1A 0C 1E 16 10 0E 0A 06 00 00 06 14 0C 0E 00
00 10 14 00 10 10 10 06 14 06 00 00 06 0E 08 00
00 00 00 00 00 00 00 00 00 00 00 00 00 00 00 00