00 00 00 00 00 00 00 00 00 00 00 00 00 00 00 00
00 22 06 0A 0A 0E 14 14 06 00 14 0A 0A 00 0A 00
00 08 10 06 0A 06 10 10 06 06 16 16 10 06 0A 00
00 10 10 00 06 0A 06 0A 10 10 14 10 0A 06 00 00
00 14 10 06 14 06 1E 06 14 14 16 24 06 0A 0A 00
00 0A 0A 0A 06 14 20 1E 06 04 0A 16 14 0A 0A 00
00 0A 00 0A 14 1E 24 1E 06 1A 24 2A 10 0A 16 00
00 06 0A 06 10 2A 24 0C 06 1A 00 24 0A 16 1E 00
00 0A 06 0A 0A 14 1A 1A 1A 20 24 26 14 1A 08 00
00 00 00 06 1A 06 06 06 06 06 06 1A 10 1A 0E 00
00 06 00 0A 10 06 14 0A 10 1A 10 0C 0A 06 18 00
00 10 00 06 24 10 10 0A 10 1A 1A 1A 10 1A 20 00
00 20 10 10 10 0A 14 06 06 10 10 06 00 06 0A 00
00 0E 0A 10 14 0A 06 06 0A 06 0A 06 00 00 00 00
00 0A 0E 0A 0C 10 10 0E 06 14 00 0A 0A 06 0A 00
00 00 00 00 00 00 00 00 00 00 00 00 00 00 00 00