00 00 00 00 00 00 00 00 00 00 00 00 00 00 00 00
00 5C 44 3E 58 3C 34 16 1E 1A 0E 0A 06 1E 24 00
00 6A 46 3C 14 2A 2A 20 10 10 0E 04 1C 22 10 00
00 5C 4A 30 2E 20 10 24 04 10 10 06 20 10 20 00
00 44 3C 0A 0A 14 0A 20 1A 24 06 0A 16 1E 26 00
00 4A 50 10 20 20 26 14 24 14 24 26 26 28 14 00
00 34 58 24 20 16 38 14 24 14 14 20 20 2E 2E 00
00 22 5C 24 14 1A 16 20 20 16 06 1A 1A 1A 3A 00
00 2E 6A 2C 24 10 10 10 10 10 00 06 1A 10 20 00
00 1E 50 2E 20 0A 14 14 10 10 10 10 16 10 06 00
00 6C 72 30 24 16 0A 10 20 16 1A 10 14 0A 06 00
00 34 7A 2A 0C 10 0A 22 14 06 06 10 14 0A 0A 00
00 5E 7C 2A 10 06 1E 10 2A 1A 10 1A 06 06 06 00
00 40 60 10 1A 06 16 1E 16 06 0A 10 06 0E 0E 00
00 2E 30 06 1E 08 10 1A 1A 06 00 06 1A 14 0E 00
00 00 00 00 00 00 00 00 00 00 00 00 00 00 00 00