00 00 00 00 00 00 00 00 00 00 00 00 00 00 00 00
00 36 56 AE 7A 9A 70 20 34 48 42 82 72 70 3A 00
00 38 36 68 7C 18 50 0C 34 4A 4E 44 10 2A 36 00
00 18 06 24 5E 22 50 1C 2A 56 70 70 78 7A 86 00
00 04 04 06 4E 2A 7C 36 30 28 50 28 84 48 BE 00
00 16 14 58 74 26 84 46 52 26 54 20 48 48 32 00
00 10 50 7C 24 22 3C 62 40 48 42 2C 58 56 20 00
00 08 56 5A 46 58 4C 50 52 30 36 52 3C 5A 20 00
00 0E 46 54 3A 3E 30 3C 50 2C 36 7E 26 5C 3E 00
00 58 66 32 24 5E 14 5A 5A 42 44 5C 3E 7C 38 00
00 92 66 12 1A 52 48 A0 5C 8C 2C 24 8A 52 32 00
00 38 44 46 56 40 B8 B8 76 7E 4A 1A 0E 3E 5A 00
00 2C 2E 4E 90 7A 74 6A 2A 68 8E 7C 48 6C 2A 00
00 38 14 46 3C 72 26 AE 6A 10 5C 9E 9A 22 56 00
00 2A 84 72 80 24 56 64 AA 4A 7E 9E 8A 28 56 00
00 00 00 00 00 00 00 00 00 00 00 00 00 00 00 00