00 00 00 00 00 00 00 00 00 00 00 00 00 00 00 00
00 14 04 1A 18 24 10 00 0C 32 14 1A 16 06 12 00
00 14 14 20 04 1A 14 06 18 10 0C 0A 16 0A 1E 00
00 1A 2A 2A 0A 20 20 0A 08 06 1C 04 28 1A 0E 00
00 2E 0C 2E 24 06 1E 14 18 0A 02 0A 12 0E 1A 00
00 1E 2A 12 16 06 16 10 20 04 1E 18 14 18 16 00
00 36 1A 32 26 1E 2A 1A 14 24 16 0E 12 0A 10 00
00 10 26 06 34 20 20 0C 1A 16 10 1C 18 14 0E 00
00 18 22 22 14 1E 1A 0A 10 04 24 24 06 24 24 00
00 22 0A 32 28 14 24 0A 0C 1A 2A 08 14 0A 0C 00
00 0A 2E 20 1E 14 04 1C 16 1E 14 0C 14 0C 28 00
00 0A 26 16 30 3A 34 24 14 14 0C 0E 0A 0A 12 00
00 2E 34 34 0C 08 16 12 1C 1A 0E 08 0E 10 30 00
00 0E 2A 1A 38 24 28 24 28 24 20 14 10 1A 38 00
00 1E 06 14 0A 18 14 1C 0C 34 10 06 12 24 0E 00
00 00 00 00 00 00 00 00 00 00 00 00 00 00 00 00