00 00 00 00 00 00 00 00 00 00 00 00 00 00 00 00
00 0A 0A 0C 1E 06 24 10 0A 08 2A 3E 24 24 06 00
00 24 0C 0A 00 1A 20 24 10 10 0E 14 24 1C 10 00
00 20 10 0A 10 10 1A 1A 14 16 1E 1A 06 10 10 00
00 10 20 0A 10 06 10 06 06 06 14 0E 06 1A 16 00
00 14 10 0A 0C 0A 0E 06 0A 0A 00 10 1A 10 10 00
00 14 10 06 1A 1A 14 1A 06 06 00 04 0A 14 00 00
00 20 0A 14 10 1E 14 10 06 14 10 0A 14 10 10 00
00 2A 16 0A 14 0A 14 06 0A 0E 0E 0A 06 10 20 00
00 18 1E 16 0A 14 0A 0A 16 24 2A 10 06 0A 10 00
00 18 1E 18 14 14 0A 0A 1E 0E 10 0A 0A 06 1E 00
00 18 26 1E 10 14 0E 1A 06 2E 20 10 06 0A 06 00
00 20 2E 0A 16 10 14 06 1E 16 14 10 00 06 1A 00
00 12 20 14 14 06 0C 14 06 1A 06 10 00 06 1A 00
00 2A 16 04 04 0A 14 0C 14 16 00 10 00 0A 1A 00
00 00 00 00 00 00 00 00 00 00 00 00 00 00 00 00