00 00 00 00 00 00 00 00 00 00 00 00 00 00 00 00
00 24 22 1E 38 5E 50 22 20 2C 50 68 3A 28 50 00
00 2E 22 0C 1E 48 58 44 1C 20 24 40 40 20 34 00
00 26 10 46 3A 26 32 5E 46 30 1C 26 44 3A 2A 00
00 48 16 22 46 30 16 30 44 44 44 36 3C 30 16 00
00 3A 26 1A 34 2E 1A 26 36 28 3A 54 64 40 2A 00
00 34 3A 16 2A 30 26 2C 48 3A 1C 36 56 54 3C 00
00 34 2E 2E 20 1A 2E 26 34 3E 26 34 46 5E 56 00
00 30 3E 2A 12 10 20 38 2A 2C 34 28 30 46 64 00
00 26 2C 58 2A 06 2E 12 34 24 1A 38 30 2A 3A 00
00 2E 1C 36 3A 2A 1C 1E 34 30 0E 16 3A 3A 3A 00
00 10 24 26 3E 46 26 1A 3A 26 10 1A 40 3C 34 00
00 22 1C 10 10 30 46 24 26 34 14 1C 40 44 2A 00
00 1A 0E 18 1E 12 40 5A 22 16 0E 24 40 3C 26 00
00 2A 0C 1A 36 10 32 42 48 26 1C 20 3A 4E 44 00
00 00 00 00 00 00 00 00 00 00 00 00 00 00 00 00