00 00 00 00 00 00 00 00 00 00 00 00 00 00 00 00
00 16 1A 10 06 06 0A 06 00 10 14 10 0A 06 10 00
00 14 06 0A 00 0A 00 0A 00 06 0A 0A 0A 10 10 00
00 0C 0A 06 00 06 10 16 10 0A 06 0A 1E 08 0A 00
00 14 06 00 00 06 14 10 14 0A 0A 0E 10 22 0E 00
00 00 1A 10 0A 10 06 1A 10 0A 06 0A 14 10 10 00
00 14 0A 1E 0A 10 0A 06 00 00 00 06 14 0C 10 00
00 14 1A 14 18 06 00 00 00 00 00 0A 06 20 24 00
00 0A 14 14 0A 14 06 06 0A 0C 20 26 24 24 0C 00
00 14 0A 10 0A 06 0A 0A 00 1E 14 0A 18 0A 1A 00
00 14 0A 14 00 14 06 06 0A 0C 16 1E 0A 1A 14 00
00 10 14 06 14 0A 06 00 06 14 0A 0C 24 10 0A 00
00 14 06 0A 16 10 1A 06 16 14 14 1A 10 24 10 00
00 0C 10 10 0E 18 20 14 20 0A 1A 06 0A 10 1A 00
00 14 1A 18 0A 18 06 04 16 14 0C 00 06 10 16 00
00 00 00 00 00 00 00 00 00 00 00 00 00 00 00 00