00 00 00 00 00 00 00 00 00 00 00 00 00 00 00 00
00 06 14 0A 14 14 0A 00 0A 1A 20 1A 2A 1A 10 00
00 0A 10 14 20 1A 06 0C 1A 30 2A 34 2E 18 22 00
00 04 14 14 0A 10 0A 14 0A 10 10 10 14 1E 14 00
00 0A 10 10 1A 1A 06 0C 1A 0C 10 10 20 1A 1A 00
00 1A 1A 0E 06 04 00 00 0A 00 0A 00 10 0A 1E 00
00 10 1A 0A 14 14 06 00 06 0A 06 00 06 0A 0A 00
00 0A 06 10 14 0A 10 00 00 00 00 00 06 0A 16 00
00 0A 06 00 10 0A 10 06 0A 06 00 00 10 0A 0C 00
00 06 0A 0A 00 0A 0C 14 06 10 10 10 0A 0A 18 00
00 0E 14 06 14 06 0A 06 18 0E 1A 0A 10 28 06 00
00 14 06 0A 00 1A 16 14 0A 18 14 0A 10 0C 14 00
00 06 0A 06 0A 1A 1A 14 14 10 0C 10 16 14 10 00
00 00 00 0A 0A 10 10 0A 1A 14 10 14 10 06 10 00
00 06 0A 00 10 10 10 14 06 0A 0A 0A 00 10 10 00
00 00 00 00 00 00 00 00 00 00 00 00 00 00 00 00