00 00 00 00 00 00 00 00 00 00 00 00 00 00 00 00
00 16 10 1A 10 06 10 14 2A 20 2A 1A 0E 0A 0A 00
00 1A 16 10 1A 10 1A 14 1C 20 20 1A 0A 1A 1A 00
00 06 2A 10 16 06 20 20 1A 14 06 1A 14 06 06 00
00 2E 2A 0C 2E 16 20 24 06 0A 14 06 10 10 1A 00
00 24 10 24 20 14 1A 1A 10 16 16 10 06 10 10 00
00 12 14 10 1A 0A 1A 06 00 10 1A 1A 06 10 10 00
00 1E 10 1A 10 20 16 06 10 1A 10 10 14 14 1A 00
00 10 1A 16 0A 2A 1E 1A 14 06 06 0A 14 14 16 00
00 0A 06 10 24 2E 0E 1E 14 10 10 10 1A 10 0A 00
00 00 14 0A 06 14 1E 0E 14 0A 06 06 0A 0A 14 00
00 0A 06 14 10 00 14 1A 10 24 20 24 16 24 1A 00
00 06 0A 06 0A 10 0A 0A 24 0A 0A 0A 10 10 0A 00
00 0A 0A 06 06 24 16 1A 10 14 10 1A 16 1A 10 00
00 14 10 14 0E 0A 0E 0A 06 10 06 10 20 24 10 00
00 00 00 00 00 00 00 00 00 00 00 00 00 00 00 00