00 00 00 00 00 00 00 00 00 00 00 00 00 00 00 00
00 1E 16 06 14 14 10 14 1A 14 1A 20 1A 1A 14 00
00 20 16 10 14 16 0A 16 24 0A 10 16 10 10 0A 00
00 1A 10 0E 04 32 16 1A 10 1A 1A 24 06 0A 10 00
00 10 10 14 1E 08 1A 06 06 10 1A 06 0A 06 10 00
00 14 16 0C 14 0A 10 00 00 10 10 1A 10 06 06 00
00 1A 14 14 0A 10 10 06 10 20 1A 06 0A 14 10 00
00 16 22 1A 24 2A 0A 1A 1A 20 20 16 1E 10 06 00
00 1E 06 2E 06 2A 14 1A 1A 10 10 0A 06 24 20 00
00 10 10 26 10 1A 14 06 2E 16 10 06 14 00 1A 00
00 1E 06 1A 0A 00 0A 2E 16 2E 06 00 06 1E 10 00
00 28 14 06 0A 10 14 20 0A 16 0A 06 14 0C 24 00
00 0C 14 0A 00 06 0A 1A 1A 1A 06 0A 06 1E 06 00
00 04 1A 06 00 06 0A 14 10 14 06 04 24 16 1A 00
00 10 14 14 06 14 10 0E 14 06 1A 14 20 0A 16 00
00 00 00 00 00 00 00 00 00 00 00 00 00 00 00 00