00 00 00 00 00 00 00 00 00 00 00 00 00 00 00 00
00 2C 16 24 1A 0A 12 0E 24 20 16 06 00 0A 06 00
00 1E 0A 06 10 14 0A 28 16 16 20 1A 10 00 0E 00
00 16 0A 00 00 0A 20 1C 10 1A 1A 1A 04 14 0A 00
00 24 06 00 0C 14 1C 2E 16 1A 0C 10 18 14 1A 00
00 20 00 00 1A 10 20 20 00 00 00 06 16 14 06 00
00 24 06 06 20 1A 16 3E 18 00 0C 1E 14 0A 0C 00
00 1A 1A 0E 10 16 18 14 32 10 24 1A 1A 00 0A 00
00 0C 2A 20 24 2C 2E 2E 28 24 1C 20 16 06 06 00
00 20 2E 0E 10 1A 14 1A 20 20 10 0A 00 0A 0E 00
00 24 1A 0C 1A 04 18 06 2A 24 14 0A 0A 0A 10 00
00 16 16 24 1A 14 06 10 20 24 0A 0A 0A 06 14 00
00 0A 16 26 10 16 00 16 24 10 10 10 06 00 06 00
00 10 20 2E 06 24 20 34 20 0C 0A 06 06 0A 06 00
00 10 1A 20 10 0A 24 16 0C 14 06 1A 1A 06 10 00
00 00 00 00 00 00 00 00 00 00 00 00 00 00 00 00