00 00 00 00 00 00 00 00 00 00 00 00 00 00 00 00
00 20 48 24 10 20 26 2A 5C 6A 2A 2C 50 1C 34 00
00 34 26 30 30 2A 34 30 54 56 16 3E 56 3A 20 00
00 06 16 1E 24 26 36 4A 56 54 1E 56 6A 50 50 00
00 06 28 1C 14 2E 4A 60 60 5E 14 4A 46 1C 54 00
00 24 10 28 04 14 36 6E 78 3C 3A 6A 5A 10 4E 00
00 20 34 16 06 14 3A 6A 70 40 5A 6A 40 30 46 00
00 0A 24 10 24 10 50 6A 5C 1A 46 5C 3A 5C 74 00
00 10 24 04 16 34 74 70 70 2A 64 5A 24 50 60 00
00 24 0A 30 30 54 60 50 50 10 60 5A 2E 4A 62 00
00 1A 1E 3A 2A 3C 56 5C 66 20 5C 38 14 32 86 00
00 10 2A 26 10 30 5A 70 84 4A 76 3E 0C 50 A8 00
00 2A 30 30 34 42 50 54 40 4A 8E 26 3E 76 98 00
00 14 2E 2C 3A 5A 5A 4C 4A 6E 7C 0A 40 70 70 00
00 14 0E 24 30 4C 5A 50 22 78 66 1A 4E 7A 5E 00
00 00 00 00 00 00 00 00 00 00 00 00 00 00 00 00