00 00 00 00 00 00 00 00 00 00 00 00 00 00 00 00
00 0E 10 16 10 1C 0E 14 08 14 10 1A 1A 10 14 00
00 24 24 22 34 3A 1A 10 18 10 06 10 16 10 0C 00
00 08 0A 1E 1E 2E 1A 14 10 18 16 18 26 10 1A 00
00 1A 10 14 18 10 14 12 24 18 2E 0E 2A 06 0E 00
00 14 2A 10 14 0E 04 18 30 30 1A 28 2C 10 04 00
00 1E 06 1E 16 16 24 1A 16 2E 30 2A 20 2A 34 00
00 10 30 24 08 1A 10 24 0E 0C 24 1A 16 2A 1C 00
00 20 2E 10 1E 26 2A 14 1E 1A 20 0C 0A 1A 0A 00
00 16 30 20 1C 20 14 18 16 0E 14 24 14 14 1E 00
00 06 10 00 10 1A 10 14 18 16 1E 16 32 12 06 00
00 0A 10 00 10 14 1E 1A 14 0A 1A 2E 2A 0A 2C 00
00 16 10 00 06 06 1A 28 24 2E 24 0A 0E 32 14 00
00 24 14 10 10 14 1A 08 38 2A 34 38 2A 20 0E 00
00 20 0A 14 00 0E 0C 14 1C 10 26 14 1E 0A 16 00
00 00 00 00 00 00 00 00 00 00 00 00 00 00 00 00