00 00 00 00 00 00 00 00 00 00 00 00 00 00 00 00
00 0A 0C 1A 16 06 0A 0A 06 1A 1E 10 06 0A 16 00
00 06 0C 14 0C 0A 10 10 06 0A 10 14 06 06 1A 00
00 10 1E 06 1E 0A 14 0A 10 04 14 06 14 0E 16 00
00 2E 0A 18 06 14 0A 1A 10 0A 0A 14 10 0E 14 00
00 10 38 16 14 06 1A 10 14 16 20 0A 06 1A 04 00
00 2E 20 24 06 14 10 14 14 10 24 0A 1A 14 14 00
00 1A 24 06 14 04 06 0A 1A 24 16 04 1A 04 0E 00
00 14 0A 1E 0E 1A 10 0A 14 16 16 1A 1A 06 1E 00
00 10 14 16 1A 1A 04 0E 0A 0A 0A 0A 04 14 06 00
00 00 06 1A 16 1A 1A 14 06 06 1A 20 2E 10 0E 00
00 00 00 10 1A 24 0E 06 00 00 10 1E 06 14 0A 00
00 00 00 06 14 10 0A 06 0A 06 0A 10 24 1A 06 00
00 00 00 00 06 0A 14 20 06 0A 06 14 0A 14 14 00
00 00 00 06 0A 1E 04 1E 0E 10 06 10 0A 10 0A 00
00 00 00 00 00 00 00 00 00 00 00 00 00 00 00 00