00 00 00 00 00 00 00 00 00 00 00 00 00 00 00 00
00 10 16 0E 10 14 24 1A 18 14 0A 1A 06 16 2E 00
00 10 1A 10 2E 1A 20 1A 0C 10 2A 1A 0A 20 1A 00
00 16 14 1E 06 14 1A 0E 22 0E 20 1E 24 10 1A 00
00 10 0E 0C 14 00 10 24 00 1E 14 0E 24 06 1A 00
00 06 0A 14 06 0A 14 0A 1E 06 10 24 10 1A 10 00
00 1E 10 00 0A 14 20 1A 10 0A 10 10 0A 20 10 00
00 10 14 04 14 0A 1A 10 06 00 06 10 10 10 00 00
00 06 06 0E 06 04 10 06 0A 00 0A 06 10 10 06 00
00 18 08 04 14 0A 10 14 06 00 06 1E 10 10 0A 00
00 20 1A 10 00 10 14 04 06 00 0A 06 20 28 0A 00
00 28 1A 1A 14 0A 10 14 10 0C 1A 0C 24 24 3E 00
00 10 0E 1A 0A 10 24 06 10 1A 14 10 0A 14 10 00
00 0A 06 06 10 0A 1A 1A 20 26 20 20 16 10 10 00
00 0A 16 1A 0A 0A 10 00 1A 0A 14 00 1A 14 0A 00
00 00 00 00 00 00 00 00 00 00 00 00 00 00 00 00