00 00 00 00 00 00 00 00 00 00 00 00 00 00 00 00
00 2A 1E 1A 0C 14 10 20 2A 12 1A 1A 10 10 14 00
00 0A 18 1C 1A 16 1A 20 20 10 14 0A 10 10 0A 00
00 2E 24 38 2A 1A 20 14 1A 20 1A 04 14 16 16 00
00 04 28 34 26 14 14 14 06 24 10 24 1A 10 14 00
00 1A 20 16 24 20 16 0C 14 0C 18 24 10 0A 16 00
00 14 14 1A 06 24 34 0A 06 1E 0A 0C 1E 1A 1A 00
00 0C 26 3A 20 1E 28 24 10 0C 16 24 20 10 00 00
00 00 24 26 10 2A 04 16 10 1E 1E 06 10 10 1A 00
00 10 1A 38 2A 2E 14 2A 10 10 20 1E 06 0A 04 00
00 38 16 0C 0A 04 24 16 00 06 10 14 14 06 0A 00
00 16 10 04 06 10 10 1A 10 10 10 16 10 0A 00 00
00 1A 1A 0A 14 14 06 1A 20 0C 1A 24 06 06 14 00
00 20 16 1A 1A 10 14 14 14 24 1A 0C 12 28 0C 00
00 1E 1A 00 0A 0A 0E 16 0E 20 2A 16 28 00 18 00
00 00 00 00 00 00 00 00 00 00 00 00 00 00 00 00