00 00 00 00 00 00 00 00 00 00 00 00 00 00 00 00
00 06 10 0A 16 10 0A 28 10 0A 26 24 1A 0A 06 00
00 0A 10 00 10 14 16 16 1A 0A 12 28 24 0A 10 00
00 10 10 06 04 00 1A 10 10 14 00 18 20 24 16 00
00 06 0A 10 14 10 1A 20 0A 0A 0E 14 3E 1C 10 00
00 16 26 44 26 20 0C 2E 0A 0A 06 1A 1C 10 14 00
00 10 24 1A 24 2A 2E 20 02 14 16 20 24 0C 10 00
00 06 26 34 16 10 10 0A 1E 10 14 20 10 0E 14 00
00 1A 10 0A 14 10 06 10 16 34 10 1A 10 0C 1A 00
00 10 1A 14 0E 10 1A 20 06 26 0A 0A 1A 1E 06 00
00 34 10 14 16 1A 16 24 1A 2A 06 14 3A 24 16 00
00 10 1E 0A 1E 0C 1A 0C 24 20 0E 18 20 10 14 00
00 00 16 16 16 24 20 06 10 10 1C 20 10 18 10 00
00 10 14 24 00 06 10 06 10 10 14 1E 0E 18 0A 00
00 16 10 20 06 16 24 28 10 14 0E 1A 28 10 0E 00
00 00 00 00 00 00 00 00 00 00 00 00 00 00 00 00