00 00 00 00 00 00 00 00 00 00 00 00 00 00 00 00
00 06 14 24 0A 1A 10 06 14 0A 10 0A 0C 1A 0C 00
00 06 06 20 0A 06 0A 1E 0C 1A 10 06 0A 10 1E 00
00 0A 00 1A 1A 1A 14 06 14 10 06 0E 0A 0A 0E 00
00 00 0A 04 00 04 06 0A 06 06 14 0A 14 0A 06 00
00 0A 06 0E 06 0E 06 0A 06 00 06 18 04 0A 00 00
00 06 20 1E 2A 0A 14 00 0A 00 0A 06 10 10 06 00
00 1A 1E 1A 2E 04 06 0A 06 06 10 0E 14 0E 0E 00
00 10 16 34 16 10 00 00 00 10 0A 1E 20 16 0A 00
00 14 10 10 14 10 00 00 00 10 0E 1A 08 22 1C 00
00 10 0A 10 14 10 0A 06 00 0C 22 0A 28 0A 1E 00
00 16 10 0A 14 06 00 0A 00 14 06 32 10 1E 10 00
00 04 10 14 0A 10 0A 06 00 0C 28 1C 0A 10 14 00
00 14 1E 06 0A 06 00 00 00 0A 10 14 10 00 04 00
00 1E 06 0A 00 00 00 00 00 06 1A 26 2E 12 14 00
00 00 00 00 00 00 00 00 00 00 00 00 00 00 00 00