00 00 00 00 00 00 00 00 00 00 00 00 00 00 00 00
00 06 1A 1A 22 10 1E 0A 14 20 1A 20 14 10 0E 00
00 0A 14 1A 10 14 04 14 0E 24 1A 24 16 24 0A 00
00 0A 14 14 0A 00 10 14 1C 14 22 06 0A 0C 1A 00
00 14 0A 10 06 06 0A 0A 1E 0C 1E 2A 0C 14 10 00
00 14 10 00 00 10 10 1A 12 1A 16 2A 24 12 10 00
00 04 1A 06 00 10 14 10 14 10 1E 16 0A 1E 20 00
00 1E 14 14 06 06 16 2A 10 0C 28 1C 1E 18 1A 00
00 24 1A 16 14 06 1A 14 1A 10 1A 0A 1A 1A 24 00
00 1A 08 10 06 0A 16 1A 20 0C 24 1A 10 0E 06 00
00 0A 18 10 14 06 06 0A 06 00 06 10 10 16 1A 00
00 1A 18 04 06 06 0A 06 00 00 06 0A 06 00 06 00
00 1E 0C 1A 10 04 0A 0A 00 00 0A 1A 14 06 14 00
00 0C 10 1A 10 14 0A 18 0C 00 14 0E 18 1A 14 00
00 16 14 14 2A 10 1E 00 1E 06 10 14 10 10 2A 00
00 00 00 00 00 00 00 00 00 00 00 00 00 00 00 00