00 00 00 00 00 00 00 00 00 00 00 00 00 00 00 00
00 30 24 22 22 12 04 06 0A 1A 0A 28 16 1E 06 00
00 24 30 2E 10 28 0A 14 06 10 04 08 30 28 30 00
00 0A 1A 0E 10 0C 1A 10 06 1A 0A 0A 2E 14 10 00
00 08 20 10 06 14 14 1E 18 2A 20 10 18 1A 2E 00
00 1E 2C 2A 20 0C 08 24 28 0A 04 18 22 24 20 00
00 0E 34 16 1E 06 06 0A 20 28 1C 2A 14 32 18 00
00 18 1E 28 26 20 1A 0C 1A 1E 08 2C 20 24 24 00
00 12 04 18 06 10 1A 1A 24 26 0A 10 26 06 0A 00
00 24 20 18 1A 16 0A 14 16 30 10 08 22 18 12 00
00 1A 1A 1A 00 1E 0A 10 14 24 2A 1E 16 0E 0E 00
00 20 2E 32 1A 10 10 0C 1A 34 2A 06 0E 14 1C 00
00 48 26 28 18 0E 32 02 16 3A 1C 0A 16 34 2A 00
00 22 2E 0E 2A 50 12 24 2A 2E 06 0E 20 3E 34 00
00 2E 26 26 2A 3C 28 38 26 12 1A 1A 18 0A 0A 00
00 00 00 00 00 00 00 00 00 00 00 00 00 00 00 00