00 00 00 00 00 00 00 00 00 00 00 00 00 00 00 00
00 16 1E 0C 1E 16 00 16 24 24 10 14 16 14 20 00
00 10 06 10 0A 1E 06 04 24 30 24 0C 1A 14 28 00
00 06 0A 10 14 10 1A 14 1A 10 1A 1A 1C 0A 1C 00
00 06 10 16 10 0A 20 28 0A 10 0A 0A 24 10 1E 00
00 0A 14 24 16 20 3E 06 14 06 14 0A 16 1A 1C 00
00 08 1E 16 0C 1E 00 2E 10 24 10 10 10 06 10 00
00 06 24 16 10 06 24 14 28 1A 0A 0A 1A 10 20 00
00 18 0A 24 20 10 20 0A 1A 0E 1A 1A 0A 10 1E 00
00 16 1A 20 04 14 0A 1A 10 06 06 16 14 10 04 00
00 16 0E 1A 28 06 0E 10 0C 14 1A 1E 0A 14 0A 00
00 2E 0C 2E 0A 22 10 10 28 10 10 04 14 0A 1A 00
00 22 1E 06 1E 10 24 10 12 24 04 10 06 0A 10 00
00 10 20 2E 10 1E 1A 0A 42 20 14 1A 10 16 10 00
00 0A 28 06 14 0E 0C 2C 16 0E 16 10 00 10 1E 00
00 00 00 00 00 00 00 00 00 00 00 00 00 00 00 00
