00 00 00 00 00 00 00 00 00 00 00 00 00 00 00 00
00 20 28 04 18 10 0A 18 1A 28 12 10 24 10 14 00
00 16 14 18 06 0A 10 0A 34 14 0A 10 24 14 10 00
00 2A 1E 1E 20 06 1A 0A 2A 10 16 0E 10 2A 10 00
00 16 2E 1A 1A 14 06 14 16 14 0A 1A 1E 10 0A 00
00 1C 24 08 06 1A 2A 0C 06 16 14 1C 18 1A 1A 00
00 14 06 06 0A 16 2E 2A 06 14 0A 32 16 2E 06 00
00 0C 10 1A 16 20 1C 2A 0A 02 00 0E 18 10 28 00
00 16 24 10 24 1A 34 2A 10 14 0A 14 0E 1A 0C 00
00 14 2A 3E 28 0E 24 2E 18 14 20 08 14 24 32 00
00 18 14 16 18 14 08 14 32 1A 2E 0A 14 18 04 00
00 10 2A 2A 10 14 18 1C 16 1A 10 1E 10 0A 10 00
00 10 0A 14 1A 1A 14 12 18 08 14 16 14 0A 1A 00
00 08 24 20 0A 04 1E 0E 0A 0E 16 14 10 0A 1E 00
00 14 1A 24 0A 10 14 22 18 04 10 06 0A 0E 06 00
00 00 00 00 00 00 00 00 00 00 00 00 00 00 00 00