00 00 00 00 00 00 00 00 00 00 00 00 00 00 00 00
00 1C 64 52 28 22 2A 74 50 7A 2C 1E 34 6E 62 00
00 40 6E 70 56 14 1C 4C 28 6C 4A 34 48 72 66 00
00 2C 7E 52 6C 54 22 58 52 1A 28 28 24 32 10 00
00 08 5E 1E 44 94 40 42 3C 1A 5E 1E 6E 6C 32 00
00 4C 52 78 36 A0 92 1E 5A 30 80 68 A8 30 54 00
00 1C 40 5C 32 94 9C 24 66 12 38 30 66 32 82 00
00 2A 36 40 28 64 74 14 5A 68 62 46 76 12 CA 00
00 38 56 50 4E 60 9C 9C 40 76 46 8C AE B0 20 00
00 10 5A 50 68 7E 5E D8 C8 30 1C 5C A4 F6 A4 00
00 34 38 20 1C 70 BC 92 62 80 48 40 16 96 A4 00
00 56 74 66 8C 4C 54 56 4A 48 90 B0 60 C2 9C 00
00 4A 38 14 5E 82 16 24 4C A6 74 8C 94 80 92 00
00 6A 36 68 46 68 46 06 7E 8A 3A 42 72 92 3E 00
00 44 38 52 46 82 24 4E 7E 68 2C 5A 26 4E 82 00
00 00 00 00 00 00 00 00 00 00 00 00 00 00 00 00