00 00 00 00 00 00 00 00 00 00 00 00 00 00 00 00
00 10 0C 1E 16 14 0A 10 0E 0A 1A 24 2A 2E 0C 00
00 06 0A 0A 0A 0A 14 20 14 24 2A 10 14 10 14 00
00 1E 06 10 0A 0A 10 24 10 10 16 2A 26 10 06 00
00 1A 20 26 20 1A 24 1C 00 0A 06 1A 18 1E 14 00
00 1A 2A 20 1E 10 06 14 10 06 24 2A 06 20 14 00
00 10 2A 24 10 0A 0A 00 14 08 24 1E 14 0A 0E 00
00 10 20 06 10 14 0A 10 06 0E 14 14 14 14 04 00
00 14 16 0A 14 16 14 10 00 10 10 1A 0A 10 1A 00
00 10 10 0A 1A 2E 0C 06 00 06 24 10 10 10 2A 00
00 10 00 0E 14 06 14 14 0A 10 10 14 00 20 1E 00
00 14 04 0E 06 1E 14 14 10 1A 0C 06 0A 24 0A 00
00 04 14 14 1A 0A 10 06 2E 10 1A 14 14 10 0E 00
00 14 0C 06 1A 00 14 0E 10 18 1A 08 00 10 06 00
00 0A 0E 0A 10 10 04 18 10 24 1E 1A 0A 1E 0C 00
00 00 00 00 00 00 00 00 00 00 00 00 00 00 00 00