00 00 00 00 00 00 00 00 00 00 00 00 00 00 00 00
00 04 0E 14 10 0A 1A 16 24 1C 1A 1C 34 20 0E 00
00 24 10 0A 10 14 16 10 10 0A 24 10 20 06 06 00
00 0A 10 10 1A 06 0A 0A 06 2A 34 20 26 14 16 00
00 1A 10 14 06 14 10 00 1A 1E 1E 24 34 0C 2E 00
00 0A 2E 14 24 00 10 0A 10 16 14 12 26 18 2A 00
00 14 20 0E 16 0A 06 06 16 0E 08 12 1E 1A 1A 00
00 06 1A 0A 14 10 06 14 1A 1A 1E 14 10 1A 0A 00
00 00 06 14 0A 14 1A 1C 26 24 04 0A 0A 0C 14 00
00 16 10 16 20 1E 10 1E 10 06 06 14 06 0A 10 00
00 1A 0A 10 1A 04 24 1A 10 24 1A 16 1A 0A 06 00
00 24 0A 1A 10 10 10 1A 34 20 1A 14 16 10 10 00
00 16 22 16 06 14 0A 0E 10 1A 20 1A 10 10 24 00
00 1A 1E 0A 0A 00 14 14 20 24 16 10 06 24 16 00
00 1A 10 14 06 10 10 16 1A 14 0A 00 1A 16 20 00
00 00 00 00 00 00 00 00 00 00 00 00 00 00 00 00