00 00 00 00 00 00 00 00 00 00 00 00 00 00 00 00
00 16 2E 10 14 1A 10 16 10 0E 2E 34 14 1A 06 00
00 28 16 1A 16 10 0E 16 14 14 24 10 10 14 04 00
00 20 2E 0C 14 06 14 14 0A 10 2A 2A 0C 10 10 00
00 0A 10 10 06 1A 10 10 14 10 06 24 10 06 0A 00
00 0E 10 14 06 1A 06 24 0A 16 0A 0C 10 0E 14 00
00 1E 10 0A 1A 1A 24 1A 14 14 16 24 1A 0A 10 00
00 06 14 06 16 0A 1A 10 0E 0A 24 0A 14 0A 14 00
00 14 20 0C 1A 06 16 10 10 14 1A 10 20 1A 14 00
00 1E 14 1E 1A 18 1A 14 1A 14 10 06 10 06 1A 00
00 1A 28 0A 1A 08 1A 10 1A 14 0C 1E 10 00 06 00
00 24 06 06 0A 1E 10 06 10 16 14 06 04 00 0A 00
00 1A 10 06 06 1A 10 0A 10 1A 1A 1A 10 06 0A 00
00 0C 10 14 0A 10 1A 16 24 2A 18 1E 04 2A 20 00
00 24 20 16 14 14 0E 28 1A 3E 00 2A 2E 20 14 00
00 00 00 00 00 00 00 00 00 00 00 00 00 00 00 00