00 00 00 00 00 00 00 00 00 00 00 00 00 00 00 00
00 10 28 14 20 1A 10 1A 10 32 04 0A 06 14 00 00
00 24 00 22 18 16 1E 1A 0E 16 14 04 1A 10 0A 00
00 0C 16 22 1E 10 0A 04 04 10 10 16 34 2A 20 00
00 20 28 16 22 20 20 1A 14 14 16 2A 30 20 20 00
00 14 0C 2E 14 0A 14 10 0A 0A 14 1A 2A 2A 2A 00
00 16 1A 00 10 14 14 10 0A 0A 14 10 1A 20 16 00
00 1A 20 10 06 14 14 0A 10 18 0E 0E 06 10 1A 00
00 10 20 10 10 10 0C 14 16 0E 0A 0A 06 10 20 00
00 24 24 14 0A 14 1A 16 14 00 0A 06 0A 00 10 00
00 24 04 10 0A 14 16 1A 14 10 0A 06 06 0A 16 00
00 14 1A 16 1A 16 24 10 00 24 06 0A 00 00 10 00
00 10 06 14 10 1A 10 14 0A 16 1E 0C 10 10 10 00
00 06 24 16 24 06 14 16 0E 10 0C 0A 1A 24 24 00
00 10 14 0A 10 14 1A 18 16 1E 0A 0A 24 10 10 00
00 00 00 00 00 00 00 00 00 00 00 00 00 00 00 00