00 00 00 00 00 00 00 00 00 00 00 00 00 00 00 00
00 20 1A 2E 10 14 20 24 16 1A 00 10 0A 0A 06 00
00 1A 10 0C 06 04 0A 14 10 16 14 10 10 10 10 00
00 20 16 1A 14 2E 20 1A 0A 10 06 1A 14 0E 06 00
00 24 20 2A 24 20 16 34 1A 10 06 10 0A 04 0C 00
00 24 1A 1A 10 1A 24 20 04 00 00 10 0A 14 24 00
00 1A 1A 0C 10 16 0A 24 24 0C 00 10 06 1A 24 00
00 1A 1A 10 20 24 2A 1A 14 1A 0A 1A 10 2E 1A 00
00 10 1A 0C 16 14 20 34 24 20 0A 1A 20 34 18 00
00 30 1E 20 1A 10 10 04 14 04 0A 0E 24 10 04 00
00 20 1A 2A 06 0A 06 10 0A 14 16 06 20 20 24 00
00 10 10 1C 10 06 00 06 2A 24 2A 24 10 06 06 00
00 0E 1E 0E 2A 24 16 10 20 24 44 24 14 1C 2E 00
00 22 0A 3C 2E 10 14 10 02 10 10 1E 2A 2A 0E 00
00 18 3C 16 1E 30 2C 2A 24 2A 20 1A 0C 0A 22 00
00 00 00 00 00 00 00 00 00 00 00 00 00 00 00 00