00 00 00 00 00 00 00 00 00 00 00 00 00 00 00 00
00 10 1A 20 2E 04 36 64 3A 42 3C 14 06 26 10 00
00 20 1C 2A 20 14 2A 54 52 44 06 22 0E 30 26 00
00 16 1E 18 3C 2A 04 44 3A 14 22 06 42 2C 20 00
00 20 0C 16 18 0A 28 10 0E 14 06 1E 1C 20 20 00
00 14 14 1E 10 22 00 1A 10 24 0C 16 2A 20 16 00
00 14 1E 14 00 0C 1A 14 12 0E 24 14 12 14 16 00
00 1C 18 08 22 16 1A 18 14 12 34 26 20 24 20 00
00 20 06 0A 0C 0C 1E 22 0E 2A 16 38 14 18 0C 00
00 2A 2E 26 38 20 22 1E 34 22 1E 08 24 08 04 00
00 12 20 16 16 10 2A 24 1A 24 0E 1A 3A 1A 04 00
00 04 1E 20 32 0C 16 2A 0A 2E 12 2E 20 16 2C 00
00 04 14 1E 0A 2E 0C 14 18 1A 0E 1A 0A 08 18 00
00 1A 26 2A 1E 1C 20 1A 14 0A 0A 1E 24 0E 24 00
00 24 2C 34 24 1E 18 0E 1A 10 1A 22 18 1E 30 00
00 00 00 00 00 00 00 00 00 00 00 00 00 00 00 00