00 00 00 00 00 00 00 00 00 00 00 00 00 00 00 00
00 00 0A 1A 0E 0E 10 32 0A 14 1A 10 1E 1A 06 00
00 16 28 0C 22 06 1A 26 1A 14 0C 14 14 14 0A 00
00 14 12 1E 04 12 18 0E 0E 0C 00 0A 2E 10 24 00
00 10 2A 1A 06 1A 28 2E 0A 14 10 1E 26 14 24 00
00 14 10 0A 14 26 16 20 0A 08 04 0C 14 24 14 00
00 06 1A 24 0E 20 14 16 20 1E 1E 1E 04 20 22 00
00 14 10 24 20 20 06 10 1A 18 28 10 08 10 0A 00
00 14 0A 10 14 10 00 10 0A 18 0A 10 0E 22 16 00
00 0E 18 1E 0C 06 0A 14 1A 0A 10 10 10 12 22 00
00 24 1E 22 1E 06 0A 14 0A 14 14 00 0E 0A 14 00
00 24 1E 1A 24 1A 16 1C 24 10 06 0A 0A 0E 00 00
00 1A 1A 04 08 20 14 06 14 20 14 06 06 1E 1A 00
00 0A 0C 10 14 10 0A 04 08 14 0A 00 0A 06 14 00
00 00 10 1A 16 00 0A 06 0E 10 06 06 10 10 06 00
00 00 00 00 00 00 00 00 00 00 00 00 00 00 00 00