00 00 00 00 00 00 00 00 00 00 00 00 00 00 00 00
00 0A 06 06 10 1A 20 10 34 06 1A 10 1A 14 1A 00
00 00 0A 00 0A 0A 24 0E 20 1A 16 10 2A 1A 20 00
00 0A 06 06 14 24 16 2E 20 20 20 20 2A 14 26 00
00 06 0A 04 10 0A 1E 0C 1A 0A 0E 0A 28 2A 20 00
00 1A 06 1A 14 16 1A 10 20 1A 16 10 1C 3E 26 00
00 10 0A 16 0A 10 06 14 16 10 2E 1C 10 26 20 00
00 1A 06 10 0A 06 0A 00 06 14 1A 34 10 1A 10 00
00 0A 0A 06 06 0A 00 10 10 20 10 16 14 12 1A 00
00 10 1A 10 0E 06 1A 20 1A 26 06 10 06 14 00 00
00 2E 10 1A 0A 0A 10 10 0A 28 10 0A 00 06 14 00
00 14 1A 14 14 0A 06 06 14 02 14 0A 06 0A 14 00
00 1E 10 14 1A 24 10 10 10 0A 06 06 10 14 16 00
00 00 24 1A 20 2A 10 06 10 16 14 04 1A 10 0A 00
00 18 14 16 2A 10 14 10 1A 20 1E 1E 16 10 0E 00
00 00 00 00 00 00 00 00 00 00 00 00 00 00 00 00