00 00 00 00 00 00 00 00 00 00 00 00 00 00 00 00
00 56 50 4A 46 40 42 6E 70 60 60 62 6E 70 60 00
00 40 30 30 3A 40 3C 40 30 34 5E 54 4A 7A 66 00
00 40 30 3A 36 40 52 40 3C 50 64 3E 6A 8E 66 00
00 4A 4A 40 36 36 4C 68 3A 40 4C 60 88 6C 50 00
00 40 30 44 36 30 3E 50 50 4A 54 54 60 56 46 00
00 46 40 3A 3E 2E 3A 56 50 3C 5A 56 70 6E 40 00
00 40 34 1C 36 30 26 5A 5A 4A 60 74 74 4C 32 00
00 34 20 26 4A 46 5E 70 54 34 60 6C 5A 58 4A 00
00 26 24 4E 4A 3A 42 5A 32 3A 6A 6E 4C 52 5A 00
00 26 40 5A 30 2A 4A 4A 2A 36 66 56 54 7C 56 00
00 26 4A 4A 22 46 64 40 30 4C 82 5C 7E 6C 4C 00
00 1C 50 46 40 6E 60 3C 46 82 66 52 74 5C 6A 00
00 2A 4A 40 40 50 30 2C 54 5C 4C 64 6A 56 70 00
00 40 44 3A 44 40 26 40 5A 60 70 80 76 6A 74 00
00 00 00 00 00 00 00 00 00 00 00 00 00 00 00 00