00 00 00 00 00 00 00 00 00 00 00 00 00 00 00 00
00 38 8E 38 84 C6 1C 36 44 62 5C 4A 2E 30 4A 00
00 1C 6A 2C 52 B6 4A 3A 1E 58 5E 02 46 3A 3A 00
00 42 8A 68 6C 46 5C 44 78 6E 26 42 2A 36 48 00
00 54 54 48 18 12 10 3E 3E 0E 3C 30 20 3E 34 00
00 4E 50 70 82 4E 2A 30 0E 34 14 76 60 7A 64 00
00 4C 10 2E 3E 4E 28 32 3C 64 6E B2 64 A2 2A 00
00 2E 14 1E 3C 28 16 30 46 58 4E 36 62 96 54 00
00 16 26 22 1C 30 48 42 4C 2E 34 30 22 4C 10 00
00 1E 2C 52 40 38 46 44 0E 2A 36 14 32 50 6E 00
00 34 32 70 42 50 00 3A 18 40 46 3E 12 14 46 00
00 3E 2A 50 4C 3A 1A 40 34 66 60 6E 36 04 2C 00
00 28 38 52 10 14 28 5E 34 58 32 A6 12 20 24 00
00 88 60 54 5C 52 2C 54 76 78 90 8C 0E 32 48 00
00 94 52 8E 7C 9A 42 1C 28 36 50 48 10 0C 26 00
00 00 00 00 00 00 00 00 00 00 00 00 00 00 00 00