00 00 00 00 00 00 00 00 00 00 00 00 00 00 00 00
00 12 28 26 16 2A 26 1E 20 14 00 1A 10 24 26 00
00 1C 18 0E 16 10 10 1E 2E 0A 0A 26 3A 30 36 00
00 20 1E 20 2E 20 20 2A 14 10 14 28 38 26 28 00
00 12 1E 14 24 20 26 24 26 24 14 26 12 10 04 00
00 26 2A 1A 20 24 14 0A 24 1A 2A 3E 24 20 28 00
00 34 34 28 18 10 28 1A 16 10 38 12 16 20 14 00
00 20 12 20 06 28 14 34 1A 30 2A 0C 0A 10 18 00
00 22 14 20 0E 26 14 2C 0A 24 18 22 12 2E 14 00
00 08 0A 34 1A 42 10 42 24 34 2A 14 1A 1E 34 00
00 18 00 0E 1C 06 24 04 3E 30 10 14 1A 14 38 00
00 10 20 1E 24 2E 16 22 22 24 24 1A 16 14 12 00
00 10 22 2A 2E 26 16 12 22 14 06 04 1E 06 14 00
00 14 0E 44 1C 3A 26 32 22 1E 18 06 20 1A 2E 00
00 14 0A 3A 1A 44 48 2A 1A 34 34 26 26 2E 20 00
00 00 00 00 00 00 00 00 00 00 00 00 00 00 00 00