00 00 00 00 00 00 00 00 00 00 00 00 00 00 00 00
00 0A 1A 14 14 1A 1A 06 10 10 06 10 0A 0A 06 00
00 24 0E 1E 26 10 16 00 06 1A 10 06 10 10 1A 00
00 06 22 14 00 1A 24 06 14 0A 14 0A 10 1E 16 00
00 1E 06 24 2A 24 0C 06 10 0A 0A 14 14 14 16 00
00 06 1E 14 10 0A 00 16 24 26 10 10 10 1E 20 00
00 12 1E 26 10 0A 06 1E 14 1A 16 1A 14 0A 22 00
00 06 0A 24 1A 00 06 0A 14 10 1E 20 22 10 0C 00
00 1C 1A 24 14 16 24 16 0E 1A 1E 1E 1E 0E 14 00
00 20 20 1E 10 0A 06 28 14 10 04 14 1A 1E 1A 00
00 10 1A 0C 24 08 1A 16 1A 1A 20 10 1A 1E 08 00
00 10 16 10 2A 14 1A 06 10 0A 1A 2E 24 1E 14 00
00 06 1A 10 1A 0E 10 14 1A 20 2A 24 2E 2A 10 00
00 0E 0A 10 0A 10 0C 14 1E 00 1A 0A 20 30 16 00
00 08 14 1A 14 16 24 10 10 10 16 1A 10 14 1A 00
00 00 00 00 00 00 00 00 00 00 00 00 00 00 00 00