00 00 00 00 00 00 00 00 00 00 00 00 00 00 00 00
00 16 10 0A 0A 10 10 10 1A 10 0A 1A 16 1A 06 00
00 10 0E 0E 0E 06 0A 0A 06 14 04 10 0A 06 00 00
00 06 0E 06 04 00 00 06 14 06 14 1A 14 10 14 00
00 14 10 1E 0E 06 00 06 0A 0A 06 1A 06 0A 0A 00
00 06 24 1A 10 0A 06 14 10 1A 10 14 04 0A 0A 00
00 0A 06 0A 10 0C 1A 1A 1A 16 10 14 06 14 10 00
00 06 20 1A 16 0A 10 10 06 16 1A 06 10 10 0C 00
00 0A 20 10 2A 0A 16 1A 06 1A 14 1A 14 10 14 00
00 10 10 14 2A 0A 0A 10 16 2A 2A 16 0A 14 04 00
00 14 0C 1A 1A 14 06 10 24 0A 0A 18 0E 1A 06 00
00 0A 0A 06 0A 10 1A 00 20 2A 24 10 1E 0A 10 00
00 10 14 10 10 1A 16 14 0C 10 0A 14 10 1A 20 00
00 14 10 2E 0C 1A 24 06 14 10 10 0A 0A 1A 16 00
00 06 18 10 2E 20 16 14 06 10 1A 0A 14 14 1A 00
00 00 00 00 00 00 00 00 00 00 00 00 00 00 00 00