00 00 00 00 00 00 00 00 00 00 00 00 00 00 00 00
00 1A 24 1C 24 20 16 20 16 2A 2A 20 06 10 10 00
00 20 20 20 16 20 1A 10 0C 24 16 0A 0A 0A 10 00
00 06 0A 10 14 16 1A 20 2A 20 34 1A 00 10 14 00
00 10 10 10 06 10 0A 14 16 06 20 16 14 06 0A 00
00 10 06 10 10 00 0A 12 24 24 24 0A 10 1E 06 00
00 10 1A 14 10 1A 10 14 0A 0E 04 14 10 04 0A 00
00 20 14 14 1E 14 1A 14 20 1A 06 06 20 1A 0C 00
00 16 0E 14 0E 1A 1A 10 1A 14 0A 06 24 06 0A 00
00 1A 0C 24 06 1A 16 3A 2A 1A 10 0A 10 14 0C 00
00 06 14 10 0A 06 1A 2A 06 10 10 1A 10 0A 04 00
00 10 16 1E 10 06 10 16 10 10 10 16 2E 16 24 00
00 06 1E 14 1A 10 10 10 0E 04 10 28 06 1E 20 00
00 0A 1A 20 1A 16 1A 16 1E 0A 1A 04 14 12 08 00
00 1A 16 20 1A 10 06 0A 16 28 16 0A 10 24 0A 00
00 00 00 00 00 00 00 00 00 00 00 00 00 00 00 00