00 00 00 00 00 00 00 00 00 00 00 00 00 00 00 00
00 14 06 00 06 04 06 1A 14 1A 1E 10 14 0A 18 00
00 06 1A 16 24 1A 0A 10 0A 2A 14 00 10 2A 14 00
00 0A 0A 10 0A 14 14 20 10 20 10 1A 10 10 06 00
00 10 0A 14 10 10 1A 24 0C 20 1A 16 20 1A 06 00
00 00 10 06 1A 0C 18 12 1E 30 30 16 24 00 24 00
00 0A 16 0A 10 00 0A 14 22 10 1A 0A 06 0E 1A 00
00 1A 26 10 12 1A 1C 14 16 2E 0C 00 00 04 14 00
00 1A 2A 1A 24 20 2E 24 14 06 0A 00 00 10 20 00
00 1A 10 10 0A 1E 14 1A 1A 14 06 06 0A 16 2A 00
00 24 10 06 10 14 16 20 0A 00 10 14 06 0C 38 00
00 10 1A 14 16 10 10 1A 00 0A 1E 10 0E 24 1C 00
00 00 1A 1C 24 16 06 1A 10 1E 0A 1E 14 16 24 00
00 06 16 38 10 1A 10 20 24 12 24 06 16 1A 16 00
00 14 0A 16 2E 12 1A 14 10 34 24 0A 06 10 10 00
00 00 00 00 00 00 00 00 00 00 00 00 00 00 00 00