00 00 00 00 00 00 00 00 00 00 00 00 00 00 00 00
00 1A 0A 20 16 1E 14 2A 0A 10 14 0A 02 2E 20 00
00 10 14 20 10 0A 0A 2A 1E 0E 0E 10 14 16 2A 00
00 24 00 24 10 0A 0A 10 14 06 1A 10 0A 14 0E 00
00 14 24 14 0E 06 14 06 10 1A 10 24 2E 26 20 00
00 0C 16 0A 10 1A 12 06 0E 10 1A 24 2A 16 10 00
00 14 1A 0A 1A 1A 2E 10 0E 0C 2E 36 24 2A 20 00
00 06 16 10 20 24 1C 06 04 0A 10 24 0A 10 10 00
00 24 14 0A 0A 0A 06 10 0E 0A 08 1A 14 10 10 00
00 10 14 0A 14 10 10 16 0A 0E 14 14 24 1A 10 00
00 20 16 0A 06 00 16 28 10 1E 10 22 12 10 0C 00
00 0E 10 16 10 0C 28 10 42 2C 2E 0A 0A 10 0A 00
00 14 10 24 16 20 14 32 0C 2E 16 2E 26 20 16 00
00 0A 10 1A 1E 2A 06 26 1E 16 14 1A 2E 04 10 00
00 06 06 1E 0E 14 1E 12 0A 08 0C 10 30 1A 20 00
00 00 00 00 00 00 00 00 00 00 00 00 00 00 00 00