00 00 00 00 00 00 00 00 00 00 00 00 00 00 00 00
00 14 0A 1A 0A 14 0A 24 14 06 1A 1A 06 1E 0C 00
00 14 0A 14 14 0C 2E 10 0A 06 14 10 0E 10 04 00
00 06 10 06 1E 0C 14 2A 10 24 10 1A 0A 18 06 00
00 06 14 14 00 10 10 20 06 16 1A 0A 10 04 0A 00
00 20 1A 1C 22 12 28 2A 24 10 24 10 0A 06 00 00
00 1A 06 16 14 08 2E 36 26 16 1C 24 06 0A 10 00
00 34 28 1A 0E 1E 30 24 16 24 16 1A 1A 14 14 00
00 14 28 1E 24 1A 38 1C 04 20 20 0C 2E 26 1E 00
00 1A 2A 2A 10 0A 1C 42 34 14 1E 06 16 34 2A 00
00 20 20 10 16 1E 0C 12 30 38 2C 20 16 10 20 00
00 1A 10 06 14 06 14 0A 0A 14 24 2A 3E 0C 1A 00
00 1A 0C 0A 10 06 06 10 0A 10 06 10 2A 1A 24 00
00 00 0A 0A 0A 0A 0A 06 0A 06 00 0A 16 1E 10 00
00 06 06 06 0A 0A 0A 06 00 06 0A 00 10 1A 16 00
00 00 00 00 00 00 00 00 00 00 00 00 00 00 00 00