00 00 00 00 00 00 00 00 00 00 00 00 00 00 00 00
00 FA 60 3E 14 2E 48 46 56 28 94 38 12 82 40 00
00 D2 3E 42 36 1E 4E 3A 40 40 76 0C 32 32 54 00
00 A0 14 1E 44 28 40 42 0E 42 7C 32 1C 26 3A 00
00 58 22 6C 66 48 58 3A 26 2C 64 48 5C 38 78 00
00 3C 50 6A 3A 40 70 26 40 34 8A 58 1C 2A 3E 00
00 3A 44 48 14 58 82 2A 54 1C 76 38 62 7E 50 00
00 26 20 40 56 3E AE 3C 58 30 8E 1E 88 4C 50 00
00 30 2A 2A 3C 44 78 20 2C 68 7A 1E 72 32 5E 00
00 2C 30 32 2A 46 9A 5C 58 38 56 26 52 20 1E 00
00 60 1A 2A 2C 90 86 2C 3E 28 84 50 76 52 64 00
00 66 30 22 4A 66 88 58 32 56 82 48 92 22 4C 00
00 2A 26 18 24 24 7C 62 48 5C 20 3E 5C 62 44 00
00 2C 2E 2C 32 3C 88 9C 80 50 18 1C 36 70 48 00
00 5A 46 46 24 2E 6A 3C 82 8E 50 30 06 76 76 00
00 00 00 00 00 00 00 00 00 00 00 00 00 00 00 00