00 00 00 00 00 00 00 00 00 00 00 00 00 00 00 00
00 10 06 14 14 0A 1E 08 0E 1A 10 0C 1E 1A 24 00
00 06 00 06 10 20 10 10 10 1A 20 2E 0A 0E 06 00
00 00 00 06 16 2A 16 06 24 10 1A 16 24 1A 10 00
00 06 0A 0A 1A 1A 24 06 16 24 16 00 10 0A 0A 00
00 14 06 0E 1A 1A 10 0A 0A 06 1E 24 1A 1A 1A 00
00 16 24 16 0A 10 14 06 04 14 14 24 1E 0E 14 00
00 28 06 1E 16 0E 10 10 18 06 04 0E 1E 10 0A 00
00 20 14 12 14 1A 2E 16 0E 04 0E 10 0A 14 14 00
00 1A 14 1E 00 1E 10 06 0A 0A 06 06 1A 24 10 00
00 1E 08 06 0E 10 10 06 0A 10 0A 10 0A 10 10 00
00 1A 16 1A 10 0A 10 0E 0A 1A 06 1A 20 1A 0C 00
00 0C 0A 0E 14 06 06 0A 14 06 14 14 10 14 1A 00
00 0A 0A 06 1A 16 1A 10 06 06 0E 0A 10 06 10 00
00 00 10 20 1A 20 06 00 06 1A 16 24 16 10 10 00
00 00 00 00 00 00 00 00 00 00 00 00 00 00 00 00