00 00 00 00 00 00 00 00 00 00 00 00 00 00 00 00
00 10 10 1E 14 18 0A 16 1A 16 10 0A 0A 14 24 00
00 0E 0E 20 1E 0A 1A 10 10 10 10 06 06 0A 14 00
00 1A 14 0A 14 10 06 1A 10 10 10 0E 10 10 16 00
00 0C 08 0E 00 1A 10 1A 06 10 10 14 1A 14 1A 00
00 10 18 0E 10 06 0A 0C 10 16 10 0C 20 2A 10 00
00 18 06 10 0A 0A 06 0A 14 0A 0A 00 0A 10 28 00
00 10 10 14 0A 00 10 0E 0A 14 06 00 0A 14 0A 00
00 0E 0A 0A 0A 10 14 10 0A 0C 0A 06 16 0A 1E 00
00 06 0A 14 04 14 10 22 0E 14 00 20 28 20 10 00
00 1A 0E 00 22 0C 18 02 14 12 10 24 26 1E 14 00
00 10 1A 1E 04 1E 08 12 10 1A 22 04 22 12 06 00
00 06 10 0A 1A 16 1A 30 3E 20 0A 22 00 20 24 00
00 24 0E 1A 10 16 24 20 10 18 1E 0E 1E 10 02 00
00 2A 06 34 16 20 1A 06 0A 1A 16 1E 14 24 1A 00
00 00 00 00 00 00 00 00 00 00 00 00 00 00 00 00