00 00 00 00 00 00 00 00 00 00 00 00 00 00 00 00
00 06 0A 0E 0E 2A 4E 16 20 28 24 08 04 1A 12 00
00 12 1A 0E 10 18 24 1A 20 1C 14 18 0C 2C 1C 00
00 2E 2C 28 24 04 12 16 20 0A 2E 06 1A 1A 04 00
00 30 30 34 04 0A 28 20 24 34 1E 34 30 20 1C 00
00 12 1C 22 1C 1A 20 34 1A 58 20 16 20 2E 24 00
00 1E 30 18 20 2E 10 30 24 50 34 10 0A 1A 28 00
00 12 26 04 0C 34 20 20 2E 4C 14 2A 16 34 2E 00
00 24 38 14 1A 0A 2E 0A 1A 32 24 16 10 16 58 00
00 22 24 2A 1A 3C 22 18 32 28 32 16 16 24 02 00
00 24 32 1A 24 20 1C 2A 46 48 12 10 20 1E 1E 00
00 44 0A 1A 16 0A 0A 0E 1E 14 18 06 20 0E 20 00
00 3E 24 3A 34 1A 12 18 24 28 10 16 34 2E 2C 00
00 20 1A 2A 14 28 0C 20 34 38 12 1E 04 24 24 00
00 2E 22 32 0A 10 16 34 20 24 2A 1A 0A 0E 04 00
00 00 00 00 00 00 00 00 00 00 00 00 00 00 00 00