00 00 00 00 00 00 00 00 00 00 00 00 00 00 00 00
00 0C 0A 06 00 00 16 0A 20 1A 16 16 14 06 06 00
00 14 06 0A 00 00 1A 06 2E 1A 1A 10 06 0A 10 00
00 10 1A 10 06 0A 10 28 0A 1E 0A 10 0A 06 06 00
00 04 10 00 1A 10 1E 00 24 14 04 06 1A 20 1A 00
00 14 10 06 20 10 16 24 0A 0A 0A 1E 0A 06 10 00
00 0A 1E 14 20 10 06 1A 06 06 14 10 14 16 24 00
00 0E 10 0E 20 0A 1A 1A 06 10 0A 0A 0A 14 0A 00
00 00 0A 10 24 04 16 10 00 0A 16 24 1A 06 06 00
00 08 1A 1E 14 24 1A 10 06 10 24 16 1A 10 1A 00
00 1E 1E 14 2E 26 24 06 16 1A 10 14 06 00 06 00
00 0A 18 20 10 14 10 0A 1A 10 14 00 10 10 10 00
00 10 10 0C 04 26 2E 12 16 1A 0A 0E 14 06 0A 00
00 00 06 14 0A 28 0A 1E 10 06 14 06 10 10 10 00
00 06 1A 16 14 12 24 0C 1A 0C 1A 0C 10 0E 0A 00
00 00 00 00 00 00 00 00 00 00 00 00 00 00 00 00