00 00 00 00 00 00 00 00 00 00 00 00 00 00 00 00
00 84 6C 46 50 7E 6A 26 2A 40 30 2C 4A 4C 40 00
00 70 66 5A 60 6A 50 20 20 3C 3A 44 44 34 20 00
00 60 5A 46 50 50 54 22 3A 54 30 3A 4A 22 16 00
00 6A 5C 5A 54 40 50 44 44 48 3A 36 3A 38 20 00
00 72 78 50 36 3A 5A 50 36 4E 2A 26 36 2C 30 00
00 6A 5C 3C 34 46 7A 60 50 50 1C 24 30 34 2A 00
00 50 4A 40 36 50 74 40 36 40 26 2A 26 26 1C 00
00 4A 4A 4A 40 5A 5A 44 46 40 2A 20 20 3C 44 00
00 36 50 5A 4C 5E 36 34 50 40 2A 16 20 44 30 00
00 24 44 58 54 40 22 40 5A 30 2A 2E 1A 2C 44 00
00 2E 3E 56 64 30 2A 3E 36 30 34 2C 16 10 2A 00
00 3C 28 62 64 36 2C 36 4A 54 3C 34 24 1C 30 00
00 10 3A 56 4A 44 40 3A 30 3A 44 36 34 20 2A 00
00 30 44 50 56 5A 5A 40 2A 2C 42 3A 20 2A 34 00
00 00 00 00 00 00 00 00 00 00 00 00 00 00 00 00