00 00 00 00 00 00 00 00 00 00 00 00 00 00 00 00
00 1A 1E 06 00 00 10 14 0C 0E 12 22 16 0C 16 00
00 10 14 14 06 16 1A 06 14 0A 2C 12 1E 24 1E 00
00 1E 10 04 00 14 00 20 0E 0C 16 22 12 20 04 00
00 0E 10 14 06 16 1A 30 1A 1E 0A 1C 04 1A 1A 00
00 10 1A 10 06 00 00 16 14 14 10 1A 16 2E 20 00
00 10 00 0A 0A 06 0A 06 1A 10 0A 20 14 2A 24 00
00 14 1A 10 0C 1A 10 1A 14 04 0E 14 12 14 1C 00
00 24 10 0A 0A 1A 24 16 00 18 14 0E 18 24 1E 00
00 0C 14 0A 10 24 20 16 24 0C 10 10 10 24 1A 00
00 1A 10 06 10 1A 10 04 20 10 20 06 1A 10 14 00
00 06 06 0A 0C 06 14 00 24 06 24 20 24 20 14 00
00 06 0A 00 14 0A 0C 1E 0A 28 10 34 20 0A 10 00
00 0A 10 1A 06 10 1A 10 28 0A 14 26 34 1A 1A 00
00 0E 0A 0A 0A 00 06 1A 1A 0E 14 14 1A 0E 06 00
00 00 00 00 00 00 00 00 00 00 00 00 00 00 00 00