00 00 00 00 00 00 00 00 00 00 00 00 00 00 00 00
00 0E 1A 16 2A 06 10 1E 14 10 16 2E 1A 1C 14 00
00 06 06 1E 0A 28 14 04 18 12 24 1A 1A 20 10 00
00 1E 08 0C 1C 0A 2E 1A 10 0A 00 20 44 24 16 00
00 16 18 06 12 2E 16 10 10 06 0A 26 3A 1E 28 00
00 14 14 20 20 20 06 1A 10 06 10 30 40 38 0E 00
00 04 04 18 0E 0A 10 1A 06 0A 10 2A 2C 2A 16 00
00 0E 0A 16 14 06 06 10 00 06 1A 10 1A 0E 0A 00
00 14 1A 28 04 16 2A 2A 16 10 14 0A 1E 0A 10 00
00 3E 16 0A 24 1A 1A 06 14 14 10 0E 1A 1A 10 00
00 10 1E 0A 1A 10 20 20 20 14 0A 0A 0E 04 12 00
00 0E 1A 08 14 06 14 0C 06 1A 10 14 1A 28 2E 00
00 10 2E 1A 14 12 0A 1A 14 06 00 10 2E 28 14 00
00 14 0A 32 14 04 14 10 0C 10 10 10 28 30 1A 00
00 06 0A 26 20 10 10 10 20 24 10 1E 10 2E 10 00
00 00 00 00 00 00 00 00 00 00 00 00 00 00 00 00