00 00 00 00 00 00 00 00 00 00 00 00 00 00 00 00
00 1E 0C 14 06 1E 1A 0C 14 10 14 06 0A 00 1A 00
00 16 10 10 24 08 20 14 10 14 0C 10 10 10 10 00
00 14 06 0A 16 14 24 0A 20 0A 06 10 14 00 14 00
00 06 1A 16 20 06 20 1C 34 0C 20 2A 06 14 14 00
00 0A 0A 10 2A 10 20 1E 10 32 20 24 24 0A 1A 00
00 24 20 20 2A 06 1A 1A 28 1C 06 20 10 0E 0A 00
00 26 1A 16 20 06 24 2A 14 06 10 1E 0A 10 10 00
00 1A 00 14 0A 10 24 2E 10 10 1A 0C 10 24 1E 00
00 1A 10 06 14 1A 10 16 1A 06 10 14 0A 1A 0E 00
00 1A 0A 0A 00 10 10 10 1A 0E 10 16 14 00 0A 00
00 1A 0A 10 1A 10 06 14 1A 1A 2E 1A 06 0A 0A 00
00 06 10 14 10 0A 0A 0C 34 2A 16 0A 10 14 06 00
00 0C 20 1A 10 04 06 14 00 0E 14 06 10 10 1A 00
00 14 14 06 1E 2E 0C 10 24 26 1A 20 20 10 2A 00
00 00 00 00 00 00 00 00 00 00 00 00 00 00 00 00