00 00 00 00 00 00 00 00 00 00 00 00 00 00 00 00
00 10 0A 16 10 30 24 10 14 1A 06 24 0A 10 1A 00
00 06 0A 14 0A 1A 14 10 0A 10 0A 16 10 06 1A 00
00 10 10 06 1A 10 06 06 0A 10 1A 1A 10 0A 10 00
00 1A 14 0A 06 00 00 00 0A 1A 16 1E 0A 10 10 00
00 10 0A 14 06 00 06 10 16 1A 18 20 1E 06 06 00
00 1A 14 06 0A 06 1A 1A 20 1A 14 1E 0E 1A 1A 00
00 2A 16 06 06 0A 10 10 16 00 20 06 2A 10 0C 00
00 06 1E 10 14 00 10 10 1A 14 1A 14 1A 0A 0A 00
00 28 1C 10 00 14 1A 1A 0A 14 0A 0A 10 10 06 00
00 04 06 0A 10 0E 00 10 0A 14 10 00 06 0A 06 00
00 24 24 16 10 0A 14 10 14 0A 0A 00 0A 0A 0A 00
00 2A 06 0A 10 20 0C 1A 06 0A 00 10 14 10 0A 00
00 0A 14 0A 0A 1E 0E 10 00 00 10 14 0A 14 06 00
00 0A 0A 00 1A 1A 0E 06 00 00 10 10 24 06 06 00
00 00 00 00 00 00 00 00 00 00 00 00 00 00 00 00