00 00 00 00 00 00 00 00 00 00 00 00 00 00 00 00
00 58 36 32 50 64 64 4A 2A 12 26 3A 4A 36 2C 00
00 4C 30 50 74 5A 3C 46 2C 34 44 40 3A 20 24 00
00 3E 2C 60 64 2C 36 5A 5E 3A 38 50 46 30 26 00
00 32 54 68 44 2A 3A 5C 50 16 34 4A 46 40 40 00
00 4A 60 4C 46 3A 36 64 4A 1C 40 40 3A 2A 26 00
00 56 6A 54 56 56 60 7A 4C 34 44 42 50 30 2A 00
00 6A 6A 3C 50 5A 54 56 46 36 3C 54 48 14 26 00
00 70 60 3A 56 60 4C 5A 4A 40 60 64 22 16 3E 00
00 88 5C 4C 74 64 56 6A 46 3A 50 3A 12 3A 46 00
00 72 60 5E 60 42 50 5A 30 2C 4A 2C 2A 44 40 00
00 60 5A 42 56 5A 6A 60 36 44 4A 3C 3E 2C 30 00
00 60 50 4A 70 6A 60 50 2A 26 2C 3A 26 20 30 00
00 70 66 60 74 56 50 46 26 3C 64 4E 26 24 20 00
00 4C 60 5A 62 60 54 46 3A 5A 6A 32 20 10 20 00
00 00 00 00 00 00 00 00 00 00 00 00 00 00 00 00