00 00 00 00 00 00 00 00 00 00 00 00 00 00 00 00
00 06 0A 00 00 10 14 0A 1E 0A 14 0E 0A 06 10 00
00 10 0A 0A 06 1A 06 10 0C 24 06 10 06 00 0A 00
00 0A 0A 1E 20 26 10 10 06 14 1E 10 14 10 16 00
00 06 22 1A 0A 1A 14 10 10 10 14 14 10 0A 10 00
00 0A 0A 2A 20 10 14 10 0C 10 0E 06 24 10 1A 00
00 06 06 06 06 08 1E 0A 1E 0A 0E 06 16 16 20 00
00 00 16 1E 16 1E 16 1E 0C 1A 0A 18 14 10 1A 00
00 12 2E 04 16 0A 1E 0C 06 1A 18 12 18 1E 14 00
00 14 1A 14 10 00 10 00 0A 10 12 0A 18 0E 0E 00
00 0E 12 10 0A 10 16 06 0A 0A 18 18 18 10 00 00
00 10 14 14 0A 0A 24 0A 06 14 1A 0A 1C 1E 2A 00
00 20 2A 12 0A 08 24 10 14 0A 10 10 1A 14 10 00
00 0E 14 06 0A 0A 14 1E 0A 14 10 1A 10 10 26 00
00 0A 14 10 14 10 0E 16 0A 1A 1A 16 10 1A 24 00
00 00 00 00 00 00 00 00 00 00 00 00 00 00 00 00