00 00 00 00 00 00 00 00 00 00 00 00 00 00 00 00
00 06 16 96 94 88 42 04 2A 50 0C 1C 24 32 6C 00
00 32 24 58 3C 28 22 4C 34 5C 48 48 2C 6C 68 00
00 2C 40 52 6A 60 46 50 74 90 64 40 60 42 12 00
00 5E 28 2A 1A A2 06 8C 3E 4C 3E 26 52 5E 12 00
00 82 46 42 4C 7C 34 26 5E 7A 38 22 38 48 6E 00
00 2C 68 42 5E 64 22 2E 6A 42 40 26 4A 16 76 00
00 4A 10 60 5C 24 26 52 72 26 3E 44 60 34 9C 00
00 12 52 88 78 70 2E 5A 30 52 20 48 24 76 70 00
00 38 54 5A 60 58 52 68 44 40 1E 28 62 8A 5C 00
00 52 48 7A 40 3A 48 56 40 08 54 52 3E 46 36 00
00 90 40 7E 7E 6C 56 2E 2A 3C 66 76 82 52 6A 00
00 76 08 6A 8E 50 18 18 24 42 6A 1A 80 98 86 00
00 14 4C A8 80 38 1C 10 5C B2 7A 3C 92 6A B4 00
00 4E 84 8C 22 36 30 5C C6 C2 9C A2 6A 1A 9C 00
00 00 00 00 00 00 00 00 00 00 00 00 00 00 00 00