00 00 00 00 00 00 00 00 00 00 00 00 00 00 00 00
00 24 16 0A 10 10 10 10 0A 14 06 1A 16 16 24 00
00 14 16 06 0C 14 06 0A 14 10 0A 0A 00 0A 0C 00
00 34 2A 10 1A 10 24 10 1A 06 06 1A 0C 06 14 00
00 2A 2A 10 16 0A 06 0A 0A 0C 24 20 2E 0C 10 00
00 20 0C 06 16 16 1A 16 0A 24 14 04 24 20 1A 00
00 1E 20 24 30 1A 14 16 0A 0C 1A 16 2A 20 16 00
00 04 28 0A 2E 24 1A 16 0A 06 0A 06 14 0A 0A 00
00 06 1C 38 1C 04 0A 06 00 00 06 0A 0C 0A 16 00
00 06 14 0C 14 06 00 00 00 00 0A 0C 24 16 0A 00
00 14 00 14 06 00 00 00 00 00 06 14 16 1E 14 00
00 06 14 06 06 0A 06 00 00 06 14 06 2E 16 10 00
00 0A 0A 06 10 0A 10 00 00 10 10 1A 0A 14 10 00
00 14 06 14 0A 0A 0A 0A 06 20 10 16 1A 10 10 00
00 06 1E 06 0A 0A 0A 10 10 14 0A 0E 16 2E 16 00
00 00 00 00 00 00 00 00 00 00 00 00 00 00 00 00