00 00 00 00 00 00 00 00 00 00 00 00 00 00 00 00
00 10 0E 10 0A 14 16 1E 16 1A 06 06 1E 06 00 00
00 2A 16 24 1A 20 00 14 10 10 0C 1E 10 0A 00 00
00 20 24 06 0A 1E 10 10 06 00 0A 0A 14 0A 00 00
00 0C 1A 10 16 20 20 14 10 00 06 10 1A 06 00 00
00 10 1A 06 14 14 12 10 1A 06 00 0A 10 14 06 00
00 1E 06 00 10 24 30 10 06 0A 06 14 1A 14 10 00
00 1A 0A 06 1A 10 20 10 10 10 04 10 20 20 20 00
00 24 1A 20 20 20 1A 20 10 00 14 14 06 0A 06 00
00 06 20 2E 10 2E 10 1A 10 0A 06 10 16 1A 16 00
00 1A 2A 16 0A 16 10 0C 06 00 00 00 10 0A 14 00
00 06 16 10 10 1A 1A 1A 10 06 0A 06 14 14 10 00
00 1A 34 12 14 0A 10 1E 0E 10 00 00 06 14 0A 00
00 0E 20 2E 1A 10 24 14 0A 1A 10 06 0A 0C 00 00
00 1A 1E 2A 2A 16 26 0A 14 06 0A 1A 16 2E 0C 00
00 00 00 00 00 00 00 00 00 00 00 00 00 00 00 00