00 00 00 00 00 00 00 00 00 00 00 00 00 00 00 00
00 1A 14 06 0A 0A 06 06 10 2A 1A 10 1E 1A 20 00
00 04 0A 14 00 10 1A 10 10 1A 10 18 1A 04 10 00
00 24 1A 0C 14 10 1A 16 1A 0A 24 14 1A 1E 20 00
00 0C 06 14 1E 16 10 10 10 04 16 22 16 0A 24 00
00 10 00 1A 10 0A 00 06 1A 0A 14 14 18 14 1A 00
00 10 06 1A 14 00 0A 14 1C 1A 0C 1A 0C 10 1A 00
00 1A 20 2A 10 0A 14 0A 24 10 0A 10 14 14 10 00
00 10 2A 1A 10 0E 12 28 26 10 06 06 1A 10 14 00
00 0A 1A 02 10 14 10 10 06 00 00 06 0A 0A 04 00
00 0A 1A 28 0A 0A 06 0A 06 06 0A 10 14 08 00 00
00 06 1A 16 14 00 14 0A 10 0A 00 0A 14 14 0E 00
00 10 14 06 06 0A 10 14 10 06 14 08 14 08 0A 00
00 10 06 00 10 0A 0A 0A 06 0A 0A 0A 10 10 0A 00
00 0C 06 0A 16 0A 14 06 00 06 0A 0A 14 0A 14 00
00 00 00 00 00 00 00 00 00 00 00 00 00 00 00 00