00 00 00 00 00 00 00 00 00 00 00 00 00 00 00 00
00 14 24 14 16 1A 34 24 1C 18 1A 3A 0A 14 2A 00
00 30 1C 10 16 24 34 30 30 1E 0E 3A 16 20 2A 00
00 20 0A 0A 28 06 30 34 20 28 14 2A 38 2E 22 00
00 26 14 24 06 1E 18 2A 4A 46 24 1C 30 2A 2A 00
00 1E 1A 2A 0C 34 24 2E 1A 16 18 20 34 20 30 00
00 0A 22 04 04 08 20 18 10 24 18 24 1C 16 30 00
00 14 0E 10 10 06 22 16 2A 16 10 2E 1A 1C 2A 00
00 1A 14 04 18 1E 08 10 14 0A 0E 1E 32 2A 2A 00
00 20 14 14 0C 2A 28 12 24 16 1E 0E 20 3E 1C 00
00 1A 0A 10 24 0A 24 26 20 32 0A 14 42 30 24 00
00 10 06 1A 10 20 30 5C 3C 02 12 38 3A 1E 34 00
00 16 0A 24 06 20 42 2E 5A 28 32 2E 24 3E 40 00
00 10 28 14 14 04 30 54 3C 24 2A 06 20 44 42 00
00 04 08 2C 1C 20 2A 40 0C 1C 1C 28 32 22 3C 00
00 00 00 00 00 00 00 00 00 00 00 00 00 00 00 00