00 00 00 00 00 00 00 00 00 00 00 00 00 00 00 00
00 0C 28 20 10 16 10 1A 14 16 3E 22 1A 1E 1A 00
00 20 20 1A 10 10 14 14 1C 3C 22 2A 1A 10 24 00
00 20 24 20 14 04 1E 16 14 10 14 1E 14 0A 20 00
00 06 06 16 14 06 0E 06 10 1E 16 1E 24 14 14 00
00 10 10 18 0A 06 04 14 0A 10 0A 0C 18 28 16 00
00 10 1E 10 1A 20 28 06 0A 24 10 10 0A 20 30 00
00 1A 24 0C 0E 0A 0A 18 0C 1A 0E 14 0C 14 0E 00
00 20 06 10 10 24 1A 1E 0C 1A 0A 0A 1A 16 10 00
00 20 0A 0C 14 06 0E 06 0A 10 1A 10 1E 0E 0E 00
00 20 0C 24 16 10 0A 10 14 10 14 04 0C 0A 08 00
00 10 22 16 1E 0A 10 1A 14 18 0A 12 18 06 10 00
00 1E 08 28 0C 04 00 06 1A 12 10 0E 0E 04 18 00
00 14 2A 06 0A 04 06 0A 20 14 2E 10 10 0A 10 00
00 1E 3A 2A 0A 14 1A 10 26 14 0A 12 1E 10 18 00
00 00 00 00 00 00 00 00 00 00 00 00 00 00 00 00