00 00 00 00 00 00 00 00 00 00 00 00 00 00 00 00
00 06 10 0A 24 14 1E 0A 10 10 10 1A 1C 2A 16 00
00 06 24 1A 0A 18 10 14 0A 0E 0A 0A 1E 10 0A 00
00 06 20 06 10 0A 14 10 10 10 1A 1A 14 14 1A 00
00 2A 34 16 0A 0A 10 06 10 0C 1A 2E 10 0A 06 00
00 1A 14 2E 1A 0A 00 1A 14 0A 10 08 0E 06 0A 00
00 20 1E 0C 1A 1E 1A 1A 0A 04 10 04 06 06 10 00
00 2A 0A 24 14 0A 0E 06 06 14 1A 0A 0A 10 0A 00
00 14 14 1A 06 24 10 00 00 06 10 06 1A 26 2A 00
00 10 0E 1A 1A 0A 1A 06 10 10 1A 24 10 20 24 00
00 0A 06 06 1A 14 10 06 14 06 1A 2A 10 06 06 00
00 10 10 06 06 10 10 10 10 1A 0A 24 20 06 00 00
00 10 1A 10 00 00 00 06 0A 0A 0A 06 1A 0A 00 00
00 10 16 1A 06 00 00 06 14 06 14 20 2A 06 00 00
00 16 24 16 0A 00 00 0A 06 2A 20 14 14 08 14 00
00 00 00 00 00 00 00 00 00 00 00 00 00 00 00 00