00 00 00 00 00 00 00 00 00 00 00 00 00 00 00 00
00 10 14 14 10 10 10 1A 06 0A 10 1A 0E 08 14 00
00 10 0E 10 06 06 0A 0A 14 0A 14 14 06 0E 1E 00
00 1E 14 06 14 0E 0A 16 10 0A 10 0C 06 1A 0E 00
00 0C 0C 0A 0E 14 0E 2E 10 1A 1A 1A 10 2E 0C 00
00 10 14 10 06 14 18 26 14 1A 06 14 14 14 0E 00
00 1A 0A 14 06 10 06 16 16 10 10 10 16 1E 16 00
00 0A 14 06 1E 0A 00 10 1E 06 0A 00 06 0E 18 00
00 20 24 2A 10 1E 0A 06 0C 1A 10 06 20 24 1C 00
00 1E 0A 2A 0A 10 14 0A 06 14 1A 10 20 1E 18 00
00 0C 14 1A 04 1E 0E 10 16 24 20 20 12 30 2E 00
00 10 10 24 1A 0A 20 16 1E 06 00 1A 14 1E 16 00
00 14 2A 22 0C 22 1A 10 0E 1A 10 0E 14 0E 24 00
00 1A 18 26 28 20 04 10 26 2E 0C 10 14 16 10 00
00 28 0C 14 06 18 10 0A 1C 18 24 10 0A 16 20 00
00 00 00 00 00 00 00 00 00 00 00 00 00 00 00 00