00 00 00 00 00 00 00 00 00 00 00 00 00 00 00 00
00 10 00 06 14 10 24 10 04 14 10 1E 1A 14 1A 00
00 1A 06 00 06 1E 1A 0A 14 0A 0A 16 00 0E 26 00
00 0C 14 06 0A 06 14 1A 00 1A 14 0A 0A 0E 06 00
00 14 20 1A 10 06 06 06 14 16 0E 0A 14 1A 24 00
00 1E 24 1A 10 1A 24 20 06 1A 0A 14 10 0C 10 00
00 24 1E 0C 10 14 0A 1E 24 1A 10 06 14 0E 0A 00
00 34 0C 10 1A 16 20 18 06 10 0C 14 1A 14 14 00
00 14 1A 1A 10 10 10 0A 14 1A 24 10 14 0E 10 00
00 0E 06 06 10 1E 08 10 0A 0E 16 2E 10 14 0A 00
00 06 00 00 0A 0A 1E 16 10 10 24 06 14 10 24 00
00 20 20 20 1C 14 0A 1A 06 1A 10 1A 10 28 14 00
00 28 10 20 2A 24 1A 20 24 20 00 1A 1A 26 20 00
00 0A 16 20 20 14 0A 06 10 0A 04 1A 06 38 2C 00
00 10 1E 10 24 20 16 10 14 00 1A 24 2A 10 2A 00
00 00 00 00 00 00 00 00 00 00 00 00 00 00 00 00