00 00 00 00 00 00 00 00 00 00 00 00 00 00 00 00
00 14 0E 20 14 26 14 2E 1A 10 0A 10 2A 14 20 00
00 1A 14 14 06 2A 20 0C 24 06 00 06 20 1E 14 00
00 14 0E 0C 32 20 24 06 20 0E 10 10 00 1A 0C 00
00 10 18 10 0A 18 0C 14 1A 14 24 1A 24 10 0A 00
00 2E 10 0E 14 1A 06 04 2E 26 1A 08 0A 0E 0C 00
00 2E 1A 10 10 10 06 14 14 06 0E 14 0E 0E 10 00
00 0E 28 04 1E 14 08 12 14 16 1E 18 10 00 10 00
00 1C 1C 10 0E 14 0A 10 24 16 34 20 1A 10 10 00
00 1E 0E 10 18 06 0A 04 10 1A 1A 0A 1A 0A 1A 00
00 0A 1C 10 04 10 0A 06 00 06 10 24 10 0A 06 00
00 14 04 0A 0E 10 06 14 06 06 14 0C 14 06 00 00
00 10 18 0E 10 0A 14 06 0A 10 10 1A 10 06 00 00
00 1A 16 14 14 10 14 0A 0C 0E 14 06 06 14 06 00
00 06 14 0A 04 0A 04 0A 14 08 14 10 14 06 06 00
00 00 00 00 00 00 00 00 00 00 00 00 00 00 00 00