00 00 00 00 00 00 00 00 00 00 00 00 00 00 00 00
00 14 10 0A 24 14 1A 10 1A 10 1E 1A 14 20 16 00
00 10 10 06 1C 2E 16 10 0A 10 0E 0A 12 0E 20 00
00 06 0A 14 0A 00 14 24 06 20 24 2E 08 1E 1A 00
00 10 00 16 10 16 18 14 1A 26 20 30 20 10 10 00
00 1E 04 1E 06 14 00 0E 14 1A 2E 20 1A 1A 1A 00
00 10 1E 06 10 16 24 04 06 08 0A 20 1C 1A 06 00
00 16 16 1A 1A 04 24 0A 06 28 10 22 0E 0C 14 00
00 2A 24 16 2A 10 24 0E 0A 12 2E 1C 0A 14 0A 00
00 48 0C 0A 16 14 0A 0A 14 1A 1A 0E 14 16 0A 00
00 0C 14 06 06 1E 16 1E 16 10 06 1A 10 16 14 00
00 14 06 00 0A 06 10 10 0C 14 1A 00 0A 06 0A 00
00 00 0A 06 06 14 04 10 1A 0A 24 20 06 06 0A 00
00 14 06 0A 1A 1A 10 14 06 28 10 1A 14 10 10 00
00 0C 14 0A 10 14 14 06 14 10 14 16 06 1A 16 00
00 00 00 00 00 00 00 00 00 00 00 00 00 00 00 00