00 00 00 00 00 00 00 00 00 00 00 00 00 00 00 00
00 10 00 10 1A 1A 10 1A 06 0E 14 10 10 24 10 00
00 24 1C 0C 10 14 1E 10 1A 1A 1A 10 10 16 24 00
00 10 2E 10 1A 0E 10 10 10 1A 10 06 10 24 24 00
00 1A 2C 16 20 0A 06 00 0A 14 0A 14 16 1A 2A 00
00 24 24 10 24 00 10 0A 0C 10 14 0A 14 0C 1E 00
00 24 10 2E 16 0A 14 0A 10 10 16 14 16 16 24 00
00 18 2E 10 04 10 1A 1A 06 10 14 0A 14 18 0A 00
00 1E 0C 0A 14 20 1A 10 06 1A 06 10 1A 06 24 00
00 14 14 0E 0A 0A 0A 0A 0A 10 0A 10 16 0A 16 00
00 0E 10 0A 14 10 1A 10 06 06 0A 06 10 00 10 00
00 14 0A 0A 16 1A 06 06 10 10 06 06 14 0A 10 00
00 20 10 1A 16 24 16 1A 20 24 20 0A 06 1A 10 00
00 24 10 10 10 1A 16 24 10 06 24 0A 0A 16 0A 00
00 0C 06 10 20 14 0A 10 10 1A 26 14 0A 16 0A 00
00 00 00 00 00 00 00 00 00 00 00 00 00 00 00 00