00 00 00 00 00 00 00 00 00 00 00 00 00 00 00 00
00 10 00 14 0A 10 10 16 16 16 10 10 06 16 1A 00
00 0A 0A 06 1E 06 10 14 10 0A 00 10 10 24 0C 00
00 0A 10 14 0C 14 20 20 24 0C 16 24 10 20 24 00
00 0A 0A 04 10 14 16 1A 10 06 1E 06 04 06 10 00
00 0A 0A 14 14 0A 0A 10 10 1A 0A 0E 08 10 14 00
00 2A 24 1C 10 0A 0A 10 10 20 1A 1A 06 14 0E 00
00 26 14 06 16 18 04 06 00 10 0E 0E 14 04 04 00
00 14 10 0C 2E 10 0A 06 10 16 20 1A 10 0A 0E 00
00 0A 00 10 16 1A 0A 14 1A 10 10 0A 0A 10 0A 00
00 06 00 10 16 24 10 04 06 1A 20 14 06 0A 10 00
00 0E 04 14 2E 10 0A 14 1A 1A 10 06 00 06 10 00
00 06 00 14 10 08 0A 0A 0A 14 0A 0E 0A 06 0A 00
00 0E 04 1A 2A 1A 0E 1A 10 1A 10 06 0A 1E 0A 00
00 20 20 24 10 1A 18 1E 06 10 14 0E 18 06 1A 00
00 00 00 00 00 00 00 00 00 00 00 00 00 00 00 00
