00 00 00 00 00 00 00 00 00 00 00 00 00 00 00 00
00 0A 16 24 24 2A 14 1A 10 0A 04 14 0A 1A 16 00
00 0A 14 0A 0E 10 1A 16 16 10 10 0A 20 26 2A 00
00 14 0C 1A 1A 10 10 10 14 14 0E 14 18 22 0A 00
00 1A 1E 10 10 14 0E 0C 24 3A 20 1A 0E 02 0E 00
00 1A 0A 24 24 10 0A 14 0A 14 0E 0A 0A 22 14 00
00 18 1A 04 10 0A 10 10 0A 06 0A 10 0A 1E 1A 00
00 24 10 04 10 06 14 14 0A 0E 1A 0C 14 1A 1E 00
00 24 10 16 2E 3A 1A 0E 10 28 0A 1A 0A 24 24 00
00 0A 0E 16 18 16 14 10 0A 16 28 16 06 10 10 00
00 24 1A 1E 0E 1E 10 20 16 14 00 0E 0E 14 14 00
00 10 0C 0E 20 1E 30 34 26 20 34 20 10 10 06 00
00 0A 0A 14 10 0A 10 10 1A 10 16 2E 26 06 14 00
00 16 10 06 14 06 10 10 16 10 24 00 2E 1A 14 00
00 0A 00 06 0A 04 0A 04 24 16 10 14 16 2A 1A 00
00 00 00 00 00 00 00 00 00 00 00 00 00 00 00 00