00 00 00 00 00 00 00 00 00 00 00 00 00 00 00 00
00 06 06 06 0A 00 20 1E 20 0A 14 06 00 06 06 00
00 06 1A 1A 06 0A 06 10 10 0A 06 00 0C 1E 16 00
00 0A 10 10 14 06 06 0A 06 0C 14 10 1E 0C 2E 00
00 06 10 10 06 06 1A 10 10 14 10 28 0A 1E 0C 00
00 0A 06 0A 06 14 0A 14 10 0C 22 14 14 0A 06 00
00 06 0A 06 0A 10 1A 20 10 10 0E 1E 1A 06 14 00
00 00 00 00 04 06 0A 0E 14 0C 10 10 16 14 06 00
00 06 00 00 0A 14 06 1E 14 1A 10 1A 10 06 0A 00
00 14 06 00 06 14 04 10 10 10 1A 10 06 00 00 00
00 0A 0A 00 0A 00 0A 06 0A 0A 14 0A 14 06 00 00
00 0A 0A 06 06 10 10 10 0A 14 16 14 0A 0A 00 00
00 0A 00 0A 00 0A 00 06 1E 10 0A 0A 0A 0A 00 00
00 16 1A 06 00 06 14 16 10 10 06 06 0A 06 06 00
00 06 14 0A 06 14 0A 16 14 06 0A 00 06 0A 10 00
00 00 00 00 00 00 00 00 00 00 00 00 00 00 00 00