00 00 00 00 00 00 00 00 00 00 00 00 00 00 00 00
00 16 06 14 06 14 0A 16 18 18 12 12 10 26 24 00
00 06 10 16 14 06 0A 14 24 10 1A 10 0A 0A 06 00
00 14 10 0A 0A 0A 0A 0E 20 06 1C 1E 0A 10 10 00
00 06 06 06 06 00 0A 1A 24 20 3E 10 1A 06 24 00
00 14 10 14 10 0A 0C 10 1C 34 26 10 16 0A 0C 00
00 0A 1E 20 10 0E 1E 0C 14 10 24 2A 24 00 0A 00
00 14 0E 20 38 20 24 14 00 0E 14 10 0A 24 20 00
00 10 0C 1A 16 0C 12 16 14 0A 14 10 14 14 0E 00
00 06 14 0A 28 16 14 0A 14 1A 0E 06 0A 1A 28 00
00 14 06 14 0A 10 10 0A 10 2E 06 0A 06 24 24 00
00 12 0A 10 14 10 06 0A 0E 10 14 06 10 14 14 00
00 2E 0A 20 1E 1C 0A 06 16 16 16 06 10 06 10 00
00 1A 14 14 0A 1E 06 06 1E 10 1E 1A 0A 14 0A 00
00 24 0C 08 04 10 10 10 10 0A 0E 10 0A 10 1E 00
00 00 00 00 00 00 00 00 00 00 00 00 00 00 00 00