00 00 00 00 00 00 00 00 00 00 00 00 00 00 00 00
00 00 10 14 06 00 0A 06 24 10 10 1C 18 0C 06 00
00 04 1E 16 1A 06 06 14 10 18 18 0E 24 20 2A 00
00 1A 1A 10 1A 10 00 06 10 0E 10 0A 24 1A 14 00
00 0A 0A 12 1E 0E 10 10 06 06 0A 16 20 3A 2E 00
00 10 10 1A 10 14 16 24 20 06 06 1A 06 16 20 00
00 14 0A 20 28 16 14 06 24 14 10 14 14 10 10 00
00 16 0A 14 20 10 16 06 20 16 24 0A 1A 06 0A 00
00 0E 14 0A 18 1E 18 0E 1A 2E 30 1A 2A 10 0A 00
00 06 10 14 0E 18 1E 0A 14 26 1A 0A 10 10 1A 00
00 18 04 0A 14 16 06 08 0A 14 0A 10 16 1A 24 00
00 06 06 14 14 14 00 0E 06 08 0A 10 14 0A 10 00
00 10 14 0A 10 04 0A 04 14 0A 0A 0C 1A 24 16 00
00 16 10 10 24 10 04 0A 0C 0E 10 10 0E 0A 1A 00
00 20 16 2A 14 24 10 10 10 1E 1A 26 26 16 0C 00
00 00 00 00 00 00 00 00 00 00 00 00 00 00 00 00