00 00 00 00 00 00 00 00 00 00 00 00 00 00 00 00
00 24 06 06 14 0A 0A 10 06 10 1A 10 0C 10 18 00
00 1E 16 10 16 1A 1E 0C 0A 06 1A 16 20 1A 0A 00
00 0C 2A 20 1A 04 14 18 0A 10 06 14 0A 0A 1A 00
00 10 34 1E 1A 28 10 0E 10 14 0E 06 0A 10 0A 00
00 0E 1A 0E 0E 0A 24 1E 10 04 0A 0A 0A 1A 10 00
00 16 2E 0C 0A 14 14 06 24 10 06 0A 0A 10 0A 00
00 14 0C 14 06 06 10 1A 1A 10 0A 0A 0A 10 06 00
00 0A 0E 06 00 00 06 10 14 04 0A 00 0A 00 06 00
00 1A 10 00 00 00 0A 10 14 10 06 0A 06 06 14 00
00 14 10 00 00 00 06 1A 20 1A 06 06 0A 04 10 00
00 14 0A 06 00 00 06 14 14 0A 0A 0A 00 1A 14 00
00 2A 16 1A 10 06 14 06 0A 10 06 06 0A 10 14 00
00 14 14 06 0A 14 06 0A 06 10 0A 0A 06 06 0A 00
00 1A 26 20 26 20 0C 06 0A 0A 14 04 14 06 06 00
00 00 00 00 00 00 00 00 00 00 00 00 00 00 00 00