00 00 00 00 00 00 00 00 00 00 00 00 00 00 00 00
00 1A 16 20 24 10 34 16 24 1E 16 1A 1A 0E 0A 00
00 24 0E 20 10 2E 1A 1E 1E 24 04 1A 30 14 14 00
00 24 14 1A 10 10 1E 26 22 18 2E 06 20 1A 06 00
00 0C 24 06 06 10 1A 10 20 14 26 1A 20 10 00 00
00 06 1A 10 14 14 06 06 24 10 34 10 1A 06 06 00
00 1A 14 20 14 14 06 00 16 04 26 1E 2A 06 14 00
00 28 0A 1A 06 06 0A 0A 1A 16 48 24 1E 10 10 00
00 2E 16 1E 0C 10 0E 10 12 2E 16 1E 0E 10 06 00
00 0E 12 0A 18 0E 1C 08 10 16 2A 24 04 0E 1A 00
00 1E 0A 06 1E 28 22 2A 0A 0A 0A 14 0A 18 20 00
00 06 14 14 06 2C 22 30 10 14 0A 10 0E 10 10 00
00 14 06 1A 20 12 18 0C 14 14 10 06 0A 0A 06 00
00 0C 0A 00 06 04 1E 16 20 10 10 0A 0C 1E 1A 00
00 18 0A 10 0C 1E 1A 0A 10 06 10 10 14 04 0A 00
00 00 00 00 00 00 00 00 00 00 00 00 00 00 00 00