00 00 00 00 00 00 00 00 00 00 00 00 00 00 00 00
00 06 10 0E 0A 0A 00 14 04 1A 14 24 1A 24 10 00
00 06 1A 10 0A 06 06 04 2E 26 1A 04 1E 16 10 00
00 10 16 06 08 0E 0E 14 14 14 06 14 0A 0A 10 00
00 10 24 24 1E 1E 1E 14 12 06 14 10 0A 06 06 00
00 20 1A 0A 0E 18 14 0E 04 10 14 06 0A 06 0A 00
00 1A 06 0A 10 10 1A 06 06 14 00 1E 10 10 10 00
00 00 14 06 06 0A 06 00 00 06 16 18 20 10 0A 00
00 24 10 06 00 00 00 06 0A 10 1A 0E 0A 0A 14 00
00 10 0A 0A 00 06 0A 10 0A 0A 16 1E 10 0E 14 00
00 10 20 10 06 0A 0A 06 14 10 00 06 10 14 1E 00
00 10 20 24 20 0A 0A 1E 06 1A 0C 14 0C 24 10 00
00 0A 2E 10 1A 10 0E 1A 10 10 10 10 1A 24 04 00
00 24 26 2A 16 06 10 1A 16 0A 14 0E 0E 06 10 00
00 10 1A 20 10 06 10 2A 2A 16 1E 04 0C 14 0E 00
00 00 00 00 00 00 00 00 00 00 00 00 00 00 00 00