00 00 00 00 00 00 00 00 00 00 00 00 00 00 00 00
00 0A 0A 10 06 0A 0A 20 0A 14 14 16 20 1E 0A 00
00 10 14 10 00 10 1A 1A 10 1A 16 14 14 04 14 00
00 14 10 10 0A 0A 14 16 38 1C 2A 1A 0A 16 16 00
00 1A 1A 00 0A 0A 06 20 1A 0A 06 14 14 14 04 00
00 06 06 08 1A 10 10 2A 16 1A 10 10 14 20 24 00
00 1A 06 18 24 1E 14 16 14 00 0A 06 10 1E 20 00
00 10 00 14 20 28 0E 0E 14 20 10 1A 14 1A 1A 00
00 04 00 0C 14 1A 14 18 10 2E 2E 14 1A 16 06 00
00 04 0A 0A 10 14 0E 0E 14 0E 1A 18 0A 1A 0A 00
00 0E 00 04 10 10 1A 16 14 00 10 06 0A 10 10 00
00 0A 14 10 20 20 0C 10 10 1A 1A 10 04 10 0E 00
00 0E 0A 0A 14 1A 1E 06 00 20 24 10 1A 24 24 00
00 0C 1A 1C 3A 2A 04 10 10 30 30 14 1A 20 1A 00
00 1A 1A 0E 10 28 14 14 14 16 38 20 0A 14 10 00
00 00 00 00 00 00 00 00 00 00 00 00 00 00 00 00