00 00 00 00 00 00 00 00 00 00 00 00 00 00 00 00
00 2C 3A 1A 38 18 24 10 24 14 1E 14 06 24 1C 00
00 14 16 18 0C 1A 1C 18 10 1C 1A 14 26 12 10 00
00 0C 28 2E 0C 0A 0E 28 06 28 0E 36 24 18 24 00
00 0E 28 28 3C 14 12 0C 32 0A 1A 16 1E 22 28 00
00 14 26 26 04 2C 1E 24 0C 10 0E 04 0E 20 0E 00
00 06 20 12 28 2C 24 0E 1A 16 14 06 06 1A 0C 00
00 1E 1A 16 14 14 0A 20 2A 06 0A 04 0A 16 14 00
00 2E 0A 2A 16 00 14 18 2E 16 10 06 20 2A 30 00
00 0C 10 20 14 22 18 20 26 20 1E 18 42 30 1A 00
00 1A 20 1A 28 14 2E 16 0E 10 12 1A 0C 20 0E 00
00 1C 2A 16 20 3E 12 20 34 52 26 08 22 16 0E 00
00 10 1E 20 20 26 30 28 28 2A 38 0A 0A 1A 1E 00
00 10 28 36 10 2C 14 2E 34 2E 1E 14 10 1E 0A 00
00 0E 1A 1A 1C 14 14 2A 16 20 1E 24 06 20 16 00
00 00 00 00 00 00 00 00 00 00 00 00 00 00 00 00