00 00 00 00 00 00 00 00 00 00 00 00 00 00 00 00
00 16 10 10 06 16 14 1A 1A 1A 20 16 1E 10 00 00
00 1A 10 16 24 26 20 10 20 14 24 00 10 1A 06 00
00 0C 0A 10 10 14 1A 10 1A 20 2A 10 0E 0A 0A 00
00 00 06 10 1A 0E 0C 24 0E 06 06 0A 0E 06 0E 00
00 00 0A 06 10 10 18 14 2E 24 20 00 0E 12 34 00
00 0A 00 14 10 1A 10 22 0C 04 20 26 28 20 22 00
00 06 14 06 1E 14 1E 0E 10 0A 20 2E 06 0A 1E 00
00 16 1A 20 04 28 1A 1E 0E 0A 20 16 2E 1C 1A 00
00 1E 06 2A 1E 16 24 1A 14 08 1E 2E 1E 16 0A 00
00 04 14 0C 16 10 18 10 14 0A 24 1C 24 20 10 00
00 10 1A 20 24 10 2E 0C 1A 10 20 1E 10 20 2A 00
00 10 06 1A 06 14 1A 14 10 2E 0A 20 2E 34 20 00
00 12 1E 16 1A 1A 0A 08 12 14 14 0A 0A 0E 30 00
00 12 06 14 20 00 14 06 04 06 16 16 20 20 1A 00
00 00 00 00 00 00 00 00 00 00 00 00 00 00 00 00