00 00 00 00 00 00 00 00 00 00 00 00 00 00 00 00
00 24 1A 10 0C 10 0A 10 16 2E 24 04 06 04 04 00
00 16 16 10 1A 1A 10 1A 1E 06 0E 10 16 1E 14 00
00 0A 0A 00 06 2A 2A 10 14 14 0A 24 2A 10 1A 00
00 10 00 16 24 26 16 14 10 14 14 10 1A 1A 16 00
00 00 0A 1A 1A 30 1A 08 08 14 14 14 04 14 00 00
00 00 06 20 20 30 2A 14 06 1E 1A 0A 06 06 10 00
00 0A 06 06 1A 20 16 06 1E 0A 04 06 0A 14 16 00
00 10 14 06 1A 10 10 0A 06 10 14 10 14 10 16 00
00 0A 06 06 1A 06 06 0A 04 0A 06 06 0A 0A 20 00
00 06 0A 10 10 00 00 0A 06 14 06 00 00 06 14 00
00 1A 0C 10 1A 10 06 04 18 0C 14 06 00 0A 10 00
00 1A 1E 0C 10 10 14 0A 0A 0A 06 0A 00 10 1E 00
00 28 14 24 1A 1A 06 0A 0A 06 0A 0A 06 1A 16 00
00 18 1E 16 14 06 06 10 10 06 0A 10 10 0A 1A 00
00 00 00 00 00 00 00 00 00 00 00 00 00 00 00 00