00 00 00 00 00 00 00 00 00 00 00 00 00 00 00 00
00 10 06 0A 06 10 10 10 10 04 1A 0C 16 14 00 00
00 00 14 10 10 1A 10 06 14 14 22 24 24 00 1A 00
00 10 0E 1A 16 20 0C 14 18 18 28 1E 14 1A 20 00
00 0A 0A 1E 1A 24 1A 14 06 0E 2E 3A 24 1A 10 00
00 0A 0A 04 06 16 06 06 06 0E 14 10 0E 10 06 00
00 16 06 04 06 1E 0A 10 10 10 20 20 20 10 0C 00
00 14 0A 0A 14 16 0A 10 1A 06 06 10 10 1A 0E 00
00 1A 0A 10 0C 1A 06 06 1A 24 10 1A 24 14 14 00
00 0A 24 10 1A 20 10 06 0E 10 0A 0E 14 0E 0A 00
00 0A 20 1A 1A 10 14 06 14 10 0C 10 0A 10 10 00
00 10 24 1A 1A 0C 16 10 16 10 1A 10 0E 06 10 00
00 0A 10 10 10 0A 14 00 16 14 06 28 1A 06 10 00
00 0A 00 00 06 06 16 10 24 06 28 04 10 0A 1A 00
00 00 0A 06 0A 10 14 06 04 24 10 24 2A 1A 1E 00
00 00 00 00 00 00 00 00 00 00 00 00 00 00 00 00