00 00 00 00 00 00 00 00 00 00 00 00 00 00 00 00
00 1A 24 44 0A 22 0E 06 38 0C 10 10 1E 16 10 00
00 2E 14 20 28 06 1A 14 16 2E 1A 0A 10 16 1A 00
00 1C 06 16 12 2E 1A 08 24 2A 10 10 0A 10 24 00
00 0A 14 22 10 1A 28 04 12 12 0E 0C 06 10 24 00
00 14 1E 04 10 24 1A 0E 0E 14 14 24 16 2A 1A 00
00 0A 20 10 24 06 0A 0A 14 14 14 1A 20 2A 1A 00
00 0A 24 1A 2A 2A 10 0E 14 14 14 16 20 26 0A 00
00 24 16 1A 1A 10 14 06 14 14 0A 0A 14 28 1E 00
00 24 24 14 10 14 06 0A 06 06 10 2A 24 14 10 00
00 14 1E 20 14 06 00 00 00 00 10 14 0E 1A 24 00
00 14 06 16 16 24 16 06 00 00 10 10 0A 14 0A 00
00 00 0A 0E 0A 06 1A 0E 10 10 0A 0A 10 10 0A 00
00 16 1E 10 26 38 1A 14 24 10 10 0A 20 1A 0C 00
00 1A 0C 10 2A 10 1C 1E 0A 14 0A 0E 1A 06 00 00
00 00 00 00 00 00 00 00 00 00 00 00 00 00 00 00