00 00 00 00 00 00 00 00 00 00 00 00 00 00 00 00
00 22 22 3A 20 0C 06 16 14 0E 14 10 06 0A 0A 00
00 34 04 20 24 1A 0A 18 04 1A 14 1A 24 04 1A 00
00 26 14 16 16 16 24 14 2A 2A 20 16 30 1A 26 00
00 1E 14 14 14 0C 14 1A 2A 16 14 0E 1C 28 26 00
00 1E 10 18 06 24 0A 2A 24 34 10 0A 10 14 0A 00
00 10 34 14 12 34 1C 16 0A 0C 0A 10 06 14 24 00
00 14 10 24 20 1A 1A 14 0A 10 0A 00 1A 10 06 00
00 00 10 24 0A 24 20 10 0A 0A 04 14 10 06 0A 00
00 06 16 10 2E 24 06 1A 0A 0A 06 1C 1A 16 0A 00
00 2A 3A 20 1A 34 10 16 1A 10 10 2E 1A 1E 08 00
00 16 1A 24 10 20 1A 20 16 24 10 10 14 02 08 00
00 2A 14 14 16 10 06 10 00 0C 24 24 1A 14 14 00
00 0C 10 1A 24 10 0A 10 10 24 14 1A 1C 0A 1A 00
00 10 14 14 10 04 1A 1A 16 20 14 10 24 24 18 00
00 00 00 00 00 00 00 00 00 00 00 00 00 00 00 00