00 00 00 00 00 00 00 00 00 00 00 00 00 00 00 00
00 1A 14 10 14 16 0C 0A 0E 22 04 14 14 04 2E 00
00 10 14 10 0E 1A 2E 16 32 0A 24 1A 10 3A 34 00
00 10 0A 1E 06 20 30 20 20 2E 04 0A 26 38 16 00
00 16 18 14 10 06 24 34 14 1E 1A 00 34 40 3E 00
00 06 18 18 16 0A 10 22 24 14 10 10 12 20 0E 00
00 0A 16 1A 0E 1A 0C 28 1C 16 06 24 14 2E 20 00
00 10 0C 28 1A 10 32 0A 1A 1E 0E 0A 12 16 2A 00
00 1A 10 0A 24 1A 0C 10 10 16 24 2A 24 0C 24 00
00 06 06 14 00 1A 1A 1A 16 2E 06 14 1E 16 04 00
00 1A 1A 10 10 10 06 06 0A 10 20 2E 20 24 0A 00
00 10 06 06 10 0E 0A 04 16 34 24 06 0A 04 04 00
00 0A 1A 14 06 14 14 14 2A 24 14 1E 1A 14 1E 00
00 1E 1A 18 0A 0C 0C 20 30 20 2A 06 10 0A 04 00
00 0A 1A 1E 0A 14 14 14 1A 1A 1C 24 20 06 0A 00
00 00 00 00 00 00 00 00 00 00 00 00 00 00 00 00