00 00 00 00 00 00 00 00 00 00 00 00 00 00 00 00
00 10 24 0E 04 06 18 1E 00 20 24 1C 06 14 14 00
00 0A 06 1A 24 2A 1E 04 1A 30 10 24 06 10 0A 00
00 14 06 10 06 06 10 10 0A 16 18 1A 1E 16 1A 00
00 16 14 0E 18 0C 14 06 06 10 14 0E 10 1E 0A 00
00 16 14 0C 0A 14 06 00 00 06 1A 00 24 00 2A 00
00 28 0C 28 04 06 00 06 0A 0A 10 0A 16 1E 14 00
00 16 0A 1A 0E 10 16 1E 0C 0E 14 10 00 10 14 00
00 0A 1A 14 1A 1A 1A 14 10 20 2E 12 0E 0E 1A 00
00 1E 20 1E 24 1A 34 16 0E 14 10 1E 14 0A 08 00
00 14 10 04 2A 34 20 24 06 10 2A 1A 14 18 1A 00
00 1A 1A 10 20 1C 2E 16 14 10 14 06 1A 0E 1A 00
00 0C 10 1A 10 2E 20 06 1A 10 1A 26 1E 0E 06 00
00 16 14 10 0E 06 0E 24 10 34 1A 26 24 20 14 00
00 14 0A 10 04 0A 2E 2C 20 20 10 20 1E 28 0E 00
00 00 00 00 00 00 00 00 00 00 00 00 00 00 00 00