00 00 00 00 00 00 00 00 00 00 00 00 00 00 00 00
00 14 06 00 10 0A 0A 0A 06 00 0A 00 00 10 14 00
00 06 14 06 10 10 10 00 00 00 06 0A 06 1A 06 00
00 04 0A 1A 16 24 1A 06 00 00 00 00 00 10 00 00
00 00 14 14 06 10 0A 0A 00 00 00 06 0A 10 00 00
00 06 0C 20 20 10 10 06 06 0A 06 0A 00 06 0A 00
00 0E 10 1A 2A 10 10 00 10 0A 10 06 00 06 14 00
00 14 1E 06 16 0A 10 00 10 00 10 0A 06 14 16 00
00 1A 16 00 10 0A 06 00 10 0A 16 10 0E 0A 1E 00
00 1A 16 0A 06 00 00 00 06 0A 10 00 14 1A 0E 00
00 0A 0C 0A 06 0A 06 16 1A 16 16 1A 10 14 0A 00
00 16 24 0C 1E 06 14 14 00 0A 00 06 14 0A 14 00
00 24 1A 2E 0C 0A 0C 20 2A 20 16 1A 12 24 12 00
00 20 1A 16 14 06 00 0A 0A 0E 10 16 1E 20 2E 00
00 10 06 06 0A 0A 06 0E 10 0E 16 1A 08 1E 0C 00
00 00 00 00 00 00 00 00 00 00 00 00 00 00 00 00