00 00 00 00 00 00 00 00 00 00 00 00 00 00 00 00
00 14 14 14 24 14 0A 00 0A 06 14 10 10 06 14 00
00 14 14 04 1A 16 06 00 06 14 1C 1E 0E 06 06 00
00 08 10 00 00 0C 1A 16 06 10 2E 1A 0A 10 0A 00
00 12 0A 10 06 14 0A 14 14 14 1A 20 10 16 0A 00
00 0A 14 10 0A 0C 1A 14 14 0A 10 1A 06 24 00 00
00 1A 0C 1A 00 0A 06 0A 10 14 06 0A 0E 20 1A 00
00 10 14 10 10 10 1A 16 10 06 00 00 06 10 1A 00
00 10 0A 00 1A 10 10 1A 1A 06 00 00 0C 1E 16 00
00 24 10 10 10 10 10 0A 14 10 06 10 24 0A 1E 00
00 0C 04 1A 0C 10 10 1A 06 10 0A 0A 16 24 16 00
00 1E 1E 16 1A 1A 06 10 0A 0A 10 16 10 06 06 00
00 0E 10 14 14 10 0A 06 10 14 10 1A 06 10 1A 00
00 16 0A 16 06 04 14 0A 10 1A 1A 1A 06 0A 06 00
00 10 10 2A 10 0A 10 24 10 16 2A 1A 10 10 10 00
00 00 00 00 00 00 00 00 00 00 00 00 00 00 00 00