00 00 00 00 00 00 00 00 00 00 00 00 00 00 00 00
00 2C 2E 12 06 06 14 0C 1E 20 0C 0C 28 08 04 00
00 1E 2E 14 0A 10 04 1E 00 2E 16 14 1A 0A 0A 00
00 16 16 16 0A 00 14 16 28 16 10 10 10 0A 0A 00
00 20 26 2E 1C 10 10 06 1A 04 06 00 00 0A 00 00
00 1A 10 0A 24 10 0A 14 14 0E 06 0A 06 16 10 00
00 1A 08 06 1C 10 14 0E 16 0E 1A 00 14 14 0A 00
00 10 18 06 1E 20 10 04 10 0E 10 0A 06 16 1A 00
00 06 14 24 1C 26 08 28 1C 0A 10 06 00 06 10 00
00 10 0A 0A 14 1A 18 10 28 0A 10 14 06 14 08 00
00 10 14 16 1E 0A 0E 14 06 14 0E 06 14 1A 16 00
00 0C 10 22 14 10 1A 10 1A 10 0A 0A 04 10 22 00
00 14 10 12 1E 16 06 14 06 0A 10 00 0A 10 08 00
00 1C 14 20 0A 1A 10 0A 0E 0A 20 1A 12 00 06 00
00 2E 1E 22 18 10 14 0E 0A 18 16 14 18 0A 0E 00
00 00 00 00 00 00 00 00 00 00 00 00 00 00 00 00