00 00 00 00 00 00 00 00 00 00 00 00 00 00 00 00
00 46 3C 40 3A 54 3A 16 36 44 2A 2C 2A 2E 2A 00
00 30 3A 46 36 40 4A 30 34 20 26 4A 40 26 1C 00
00 34 36 3A 2A 2C 3C 44 2C 26 4E 4A 30 26 34 00
00 2C 50 44 24 44 58 36 2A 36 50 36 20 2E 1C 00
00 3A 54 32 2C 58 44 36 26 30 4A 2A 16 1C 2A 00
00 4A 40 36 48 36 2E 4E 3A 40 50 20 1C 32 24 00
00 5E 2C 40 3C 36 5E 60 3C 44 40 16 24 18 26 00
00 4E 54 54 4A 4A 44 34 2A 1C 36 20 26 3A 42 00
00 4C 68 48 2A 30 2C 26 3A 30 3A 30 34 36 28 00
00 30 38 3C 34 40 48 16 26 3A 46 3A 26 30 3E 00
00 34 4C 3E 34 58 2E 26 4A 56 64 46 3A 40 36 00
00 40 42 3C 44 40 42 48 46 5A 56 46 3A 30 30 00
00 4A 48 46 4A 2C 40 44 26 40 4A 3A 1C 26 36 00
00 50 38 44 3E 40 4A 36 20 30 36 36 38 2A 3A 00
00 00 00 00 00 00 00 00 00 00 00 00 00 00 00 00