00 00 00 00 00 00 00 00 00 00 00 00 00 00 00 00
00 16 10 0A 2E 40 1A 20 24 10 20 16 0A 0C 12 00
00 28 14 1E 20 20 10 42 16 06 14 0E 14 20 28 00
00 12 1A 02 24 16 2C 0A 24 28 32 06 10 20 16 00
00 24 1A 0A 14 2E 26 34 12 32 1C 24 0E 20 20 00
00 0C 1A 18 20 32 08 22 16 38 56 24 14 06 24 00
00 2E 2C 32 44 22 14 1A 1E 06 1A 14 14 28 0A 00
00 20 14 12 20 2C 34 36 16 34 1E 0C 18 00 34 00
00 26 1C 0E 0A 22 26 4E 48 3C 38 1E 10 28 3C 00
00 42 1A 34 04 1C 10 08 0E 0A 28 32 24 2E 1E 00
00 2A 3E 3E 32 1E 24 22 2E 40 32 12 14 28 38 00
00 04 2E 3A 28 10 22 20 24 3E 20 38 30 14 26 00
00 1C 42 18 26 10 0A 06 20 22 1C 0E 16 2E 18 00
00 1E 38 2E 24 0C 14 0C 24 18 34 48 44 12 1C 00
00 1C 36 26 12 1A 10 24 1A 1E 4A 2C 3A 0A 30 00
00 00 00 00 00 00 00 00 00 00 00 00 00 00 00 00