00 00 00 00 00 00 00 00 00 00 00 00 00 00 00 00
00 10 1A 10 16 1A 06 10 0A 1A 10 20 1A 0C 14 00
00 24 10 1A 16 1A 06 10 0A 10 10 24 00 2A 26 00
00 10 08 2A 14 14 10 10 1A 10 06 0C 1E 26 14 00
00 14 34 3E 2A 06 1A 0A 0A 0A 0A 00 06 20 14 00
00 16 34 2E 20 06 1A 1A 1A 1A 06 00 06 10 10 00
00 14 1A 24 16 10 1A 20 10 20 10 06 14 14 00 00
00 1A 20 10 06 1E 14 1A 14 10 0A 14 14 14 0E 00
00 24 1C 1A 10 06 08 0A 14 16 10 04 10 16 14 00
00 14 06 10 0A 00 14 14 0A 0A 00 06 10 14 0A 00
00 14 14 0A 10 06 0C 06 10 26 20 16 2A 10 0A 00
00 28 1E 1A 14 1A 1E 0C 24 2A 2E 06 1A 0A 0A 00
00 20 24 10 14 16 0E 0E 0E 1A 20 0A 16 10 06 00
00 1A 10 06 10 1E 1A 12 10 16 1A 10 10 0A 1A 00
00 1A 10 14 0A 18 0E 1A 00 10 0A 0E 1E 24 1E 00
00 00 00 00 00 00 00 00 00 00 00 00 00 00 00 00