00 00 00 00 00 00 00 00 00 00 00 00 00 00 00 00
00 20 20 2A 0A 3E 16 24 0E 14 06 0A 0A 0A 04 00
00 20 10 16 0E 26 1A 20 00 0A 16 1E 16 1A 14 00
00 16 10 16 14 1E 14 16 14 06 24 1A 24 04 0A 00
00 1E 0C 10 06 04 10 10 0C 1E 20 14 2A 20 1E 00
00 20 2E 26 24 24 12 0A 06 0A 16 14 26 34 0C 00
00 1A 0C 10 0A 2E 14 1A 14 00 1E 0A 10 2A 24 00
00 14 10 0A 10 1C 00 16 0C 0A 10 14 1A 1C 10 00
00 04 0A 04 00 1A 14 1A 14 0E 0A 0E 00 10 10 00
00 18 06 04 00 16 14 14 0E 08 0A 18 16 16 0A 00
00 14 1A 14 10 0C 0A 0A 06 22 1E 14 1A 1A 06 00
00 0E 14 08 14 0A 00 06 14 06 2A 1A 16 16 1A 00
00 0A 0A 1E 14 0E 06 00 06 0A 06 14 06 10 14 00
00 1C 32 16 18 06 0A 00 00 00 0A 00 14 00 0A 00
00 28 04 28 06 0A 0A 10 06 0A 0C 14 00 1A 10 00
00 00 00 00 00 00 00 00 00 00 00 00 00 00 00 00