00 00 00 00 00 00 00 00 00 00 00 00 00 00 00 00
00 14 00 06 0A 14 00 16 20 14 18 0A 14 1A 06 00
00 04 06 0A 0A 06 10 1E 06 14 10 1A 0C 20 24 00
00 0A 0A 0A 0A 00 10 16 1A 1C 0A 20 14 0C 06 00
00 10 20 16 1C 1A 10 10 10 1A 10 2E 0A 1E 10 00
00 0A 0A 00 1A 0A 10 06 0E 1A 24 16 20 16 16 00
00 1E 10 06 20 10 20 10 14 14 0A 14 24 0A 1A 00
00 16 06 10 1A 06 10 10 1A 10 14 0A 0A 18 0C 00
00 14 14 24 12 10 10 10 10 06 0C 1A 10 0A 06 00
00 0A 18 0A 28 1E 08 1A 0A 10 10 10 10 04 18 00
00 10 1E 24 0E 18 38 20 10 0E 0A 04 10 10 10 00
00 10 10 24 10 1E 2E 14 14 1E 1A 1E 10 0E 08 00
00 10 0E 0A 10 1A 10 28 1A 10 0A 0C 18 16 0A 00
00 10 14 0A 0A 10 1A 10 26 14 0C 10 1A 24 16 00
00 1A 04 0E 0A 0A 14 24 36 14 1A 1A 10 0C 0A 00
00 00 00 00 00 00 00 00 00 00 00 00 00 00 00 00