00 00 00 00 00 00 00 00 00 00 00 00 00 00 00 00
00 10 1A 20 34 2E 10 0C 06 10 2A 06 1A 14 10 00
00 24 10 24 10 20 0A 18 10 0E 28 0A 16 06 2E 00
00 16 14 26 20 3E 26 24 02 08 10 14 18 18 10 00
00 30 0C 1A 1E 0C 06 06 14 08 24 1A 14 1E 1A 00
00 30 38 20 26 1A 10 14 14 10 14 14 14 08 14 00
00 1C 10 14 2A 1A 06 10 0E 04 12 06 0E 0A 0A 00
00 34 20 10 10 10 0A 00 10 2A 24 1E 0A 0A 0A 00
00 1A 14 10 10 1A 14 0E 0E 20 24 20 10 14 0A 00
00 10 0A 10 20 0E 28 2A 24 2A 16 16 04 0C 2E 00
00 20 2A 16 0E 2E 24 30 24 14 0A 10 0A 24 20 00
00 24 16 10 1E 1E 12 3A 16 1A 10 06 1A 16 10 00
00 24 18 20 04 22 20 14 32 2A 26 10 20 1A 10 00
00 24 14 10 1E 06 10 10 28 24 2A 10 1A 0C 1E 00
00 04 06 10 16 06 1A 1A 06 2A 16 1A 10 1E 06 00
00 00 00 00 00 00 00 00 00 00 00 00 00 00 00 00