00 00 00 00 00 00 00 00 00 00 00 00 00 00 00 00
00 06 1A 16 1E 0E 10 10 16 1A 0C 14 10 0A 1A 00
00 16 20 20 10 10 24 06 00 00 00 06 1A 16 20 00
00 14 10 24 0A 14 10 0A 06 0A 10 1A 0A 06 16 00
00 0A 24 20 10 10 10 06 0A 10 1E 20 14 10 24 00
00 06 04 06 06 0E 10 10 00 1A 0C 16 10 10 12 00
00 14 16 28 2A 00 1E 14 0A 10 1E 20 10 06 0A 00
00 0C 1A 00 24 0E 06 06 04 0E 18 06 0A 14 06 00
00 0A 16 14 1C 0A 0A 0A 1E 20 16 0E 0E 0C 00 00
00 10 1A 10 1A 00 10 14 10 14 0E 14 06 1E 06 00
00 1C 20 20 06 0A 0A 00 10 0A 14 1C 24 16 10 00
00 24 10 24 10 16 14 16 10 14 0A 1A 16 1E 0A 00
00 2A 10 16 16 24 10 10 10 0E 1E 1A 10 14 1E 00
00 14 1A 0A 24 06 1E 0C 1A 16 1A 0A 10 1A 16 00
00 04 20 0E 1C 14 16 10 0A 0E 0A 1A 16 1A 0A 00
00 00 00 00 00 00 00 00 00 00 00 00 00 00 00 00