00 00 00 00 00 00 00 00 00 00 00 00 00 00 00 00
00 06 00 0A 14 20 1A 3A 44 40 34 0A 00 16 24 00
00 10 00 06 10 20 1A 16 1A 26 3E 34 0C 06 10 00
00 14 10 06 0A 0C 0A 06 14 10 1C 44 3A 20 10 00
00 0A 0A 14 06 1A 10 10 0A 10 16 30 40 30 20 00
00 0C 10 12 1A 20 10 24 10 1A 1A 20 30 2A 2A 00
00 14 0A 14 10 10 06 1A 14 1A 14 1A 10 0E 06 00
00 1E 1A 0C 10 10 0A 10 04 06 0E 0C 24 20 10 00
00 10 10 06 10 1A 1A 04 18 0C 14 2E 10 2A 20 00
00 10 1A 1A 10 0A 0A 1E 14 1A 10 0C 1E 12 26 00
00 0A 06 10 10 20 1A 20 0A 06 00 10 10 10 2E 00
00 00 0A 06 00 06 0A 00 10 10 06 1A 1A 04 20 00
00 1A 10 1A 0A 06 00 0A 14 14 14 06 24 16 24 00
00 1A 06 20 14 10 0A 0A 0A 0E 04 0A 10 14 14 00
00 10 10 24 0A 14 10 0A 0A 14 00 0A 0C 04 14 00
00 00 00 00 00 00 00 00 00 00 00 00 00 00 00 00