00 00 00 00 00 00 00 00 00 00 00 00 00 00 00 00
00 14 10 14 1A 1A 28 14 0A 0A 0A 10 06 14 0A 00
00 0A 0A 06 00 04 16 24 00 10 1A 1C 1A 0A 1A 00
00 06 00 06 10 14 14 1A 10 0A 00 14 10 14 14 00
00 0A 06 14 10 0E 14 20 20 16 1A 16 00 10 0A 00
00 06 0A 06 10 10 10 10 1A 06 0A 06 0A 0A 14 00
00 06 10 06 06 0A 06 0C 20 10 10 1A 0A 14 10 00
00 0A 0A 0A 0A 0A 06 14 1A 14 1E 1A 0A 14 0A 00
00 06 0A 0A 0A 00 0A 0C 20 0E 10 16 0A 06 0A 00
00 00 00 00 06 0A 06 10 1A 06 06 1A 16 1A 00 00
00 00 00 00 00 00 00 10 1A 10 10 10 14 10 10 00
00 06 0A 06 00 00 00 06 10 10 1A 16 0A 0A 16 00
00 00 00 10 0A 06 00 00 0A 10 16 1A 10 06 14 00
00 06 0A 16 0A 10 00 00 0A 0A 10 10 10 1A 16 00
00 00 06 1A 06 16 10 10 0C 16 2A 1A 00 1A 10 00
00 00 00 00 00 00 00 00 00 00 00 00 00 00 00 00