00 00 00 00 00 00 00 00 00 00 00 00 00 00 00 00
00 1A 10 06 06 0A 14 1E 10 06 10 16 1A 14 16 00
00 10 16 14 16 14 20 1A 24 10 0A 0E 10 06 10 00
00 0A 1E 04 32 1A 0A 16 16 14 14 0C 1E 10 14 00
00 04 0C 28 0A 1A 28 30 24 16 0E 18 0A 14 18 00
00 0A 0A 0A 14 14 0A 20 20 10 0A 0A 10 0E 1E 00
00 06 1A 1A 10 06 10 16 14 04 14 04 06 06 20 00
00 06 1A 10 20 1A 20 1A 00 14 10 0A 0A 06 1A 00
00 0A 06 0A 10 06 1A 0C 14 0A 14 06 06 1E 16 00
00 14 06 06 10 20 24 2A 0A 14 06 00 10 0A 0A 00
00 10 0E 10 0A 16 1A 30 06 06 06 10 1A 06 0A 00
00 2E 10 06 00 06 1A 20 06 0A 10 1A 0A 0A 16 00
00 14 16 14 06 0A 0A 10 1E 0C 1A 0A 1A 0E 14 00
00 0C 1A 0C 14 06 0A 14 0A 00 10 1E 1A 14 0A 00
00 18 0E 0E 10 06 06 10 10 06 0A 10 0A 04 0A 00
00 00 00 00 00 00 00 00 00 00 00 00 00 00 00 00