00 00 00 00 00 00 00 00 00 00 00 00 00 00 00 00
00 10 02 1A 24 16 08 18 22 14 20 16 10 10 06 00
00 26 3C 14 0A 06 10 00 26 0A 20 1A 1A 16 16 00
00 34 0E 22 06 0A 1A 06 34 10 20 0E 06 14 0A 00
00 30 1A 06 2A 24 26 10 16 14 10 1A 1A 10 10 00
00 2C 1A 14 20 10 20 0A 06 06 0E 10 0C 1E 06 00
00 3A 1A 24 24 24 2A 06 10 1A 14 10 14 0C 20 00
00 16 0A 30 14 14 10 06 10 1A 14 14 0A 28 1A 00
00 0A 10 2A 0A 20 1A 1A 10 00 24 24 20 0A 1E 00
00 14 14 10 14 10 06 1A 16 1A 0E 1E 26 16 16 00
00 10 0A 10 10 06 0A 0A 10 0A 14 14 14 1A 10 00
00 0A 12 14 04 04 1A 1A 1C 1A 06 20 16 0A 0E 00
00 10 24 0E 1A 06 1A 0A 08 18 12 16 1A 14 10 00
00 0A 20 18 16 0E 10 24 20 1E 18 1A 0A 0E 0A 00
00 14 1A 0E 1A 0A 0A 06 06 0E 24 0C 04 04 0E 00
00 00 00 00 00 00 00 00 00 00 00 00 00 00 00 00