00 00 00 00 00 00 00 00 00 00 00 00 00 00 00 00
00 22 1E 24 14 1A 0C 34 30 2A 10 0E 10 22 14 00
00 10 14 1A 1A 24 24 0A 3E 16 1A 10 2E 04 2A 00
00 14 0A 1E 0A 1A 1E 1E 24 2A 3A 3A 40 0A 24 00
00 1E 1A 06 14 14 10 20 1E 38 16 0C 4C 34 24 00
00 04 04 10 0A 10 14 14 10 0E 1A 24 20 24 1C 00
00 2E 1A 0A 0A 1E 14 0A 14 06 06 04 06 10 04 00
00 0E 1A 14 0E 12 0A 1A 06 14 10 1A 1E 16 1A 00
00 20 24 0A 0A 2E 10 10 0A 06 10 24 10 1A 20 00
00 10 10 0C 0E 2E 08 24 06 00 0A 10 14 10 16 00
00 0A 1C 24 14 1A 1E 24 10 00 10 1A 1A 10 06 00
00 10 3E 24 1E 12 1C 08 10 00 10 14 00 14 24 00
00 24 24 28 1E 18 0E 10 12 14 06 10 24 1A 1A 00
00 06 04 0E 22 24 10 0E 24 10 24 1A 06 24 20 00
00 0E 10 12 10 34 0C 14 1E 22 0C 10 1E 14 10 00
00 00 00 00 00 00 00 00 00 00 00 00 00 00 00 00