00 00 00 00 00 00 00 00 00 00 00 00 00 00 00 00
00 08 1A 1A 00 1E 0E 22 20 24 10 10 10 06 0A 00
00 14 1A 06 2A 26 42 14 24 0A 14 16 1A 10 0A 00
00 0A 06 14 1A 1E 24 32 20 1E 0A 0A 1A 0C 1A 00
00 10 10 00 16 12 10 12 24 0A 1A 14 14 06 1A 00
00 06 0A 0A 14 14 0A 14 16 14 14 10 06 0A 10 00
00 10 06 0E 06 04 14 16 14 0A 06 20 16 10 00 00
00 24 16 1A 1A 1A 10 0A 0A 0A 10 1E 0A 0A 0A 00
00 06 0A 06 1A 10 06 0A 0A 06 0C 2A 20 16 0A 00
00 0A 06 0A 0A 0A 14 10 06 14 24 1A 20 1A 1A 00
00 0A 00 06 1A 24 1A 10 06 1A 1A 0A 14 00 1A 00
00 16 10 1A 1A 10 06 0A 06 1A 06 14 0C 1A 20 00
00 0A 00 06 10 10 10 0A 1A 1A 10 00 06 1A 10 00
00 06 00 06 10 10 06 10 24 06 10 0A 10 10 06 00
00 06 06 14 0A 0A 0A 10 20 24 16 06 20 1A 10 00
00 00 00 00 00 00 00 00 00 00 00 00 00 00 00 00