00 00 00 00 00 00 00 00 00 00 00 00 00 00 00 00
00 10 14 1A 16 0A 10 10 10 16 24 10 1E 1A 16 00
00 10 14 06 0A 06 06 0A 06 10 0A 14 10 04 1A 00
00 1E 0A 24 0A 06 00 00 06 14 10 1A 06 06 10 00
00 14 18 20 10 14 06 06 14 0C 24 20 0E 0E 16 00
00 1E 14 24 0E 0A 0E 10 06 1E 1C 1A 14 10 38 00
00 16 24 06 1A 1E 1A 14 16 1E 1A 10 04 10 1C 00
00 1A 10 0A 1A 14 1A 06 10 10 14 10 14 16 2E 00
00 0A 0A 10 04 14 12 14 06 0C 12 0A 0C 24 24 00
00 24 16 06 0A 06 14 0A 10 14 14 18 04 14 14 00
00 10 1A 06 0A 14 16 1E 08 0E 10 0E 10 20 1A 00
00 1E 10 1A 10 20 20 1A 04 06 10 0A 0A 06 06 00
00 1C 2A 34 1C 20 1A 14 1E 10 1A 1A 1A 10 04 00
00 28 10 06 0A 14 0A 20 2E 30 16 0C 06 0A 18 00
00 16 0A 14 0E 0C 1A 22 1A 28 1A 18 0E 1A 1E 00
00 00 00 00 00 00 00 00 00 00 00 00 00 00 00 00