00 00 00 00 00 00 00 00 00 00 00 00 00 00 00 00
00 10 06 04 1E 1A 1E 0A 06 10 06 06 24 10 0A 00
00 14 1A 14 04 1A 14 0A 10 1A 10 16 24 10 00 00
00 10 1A 06 10 16 20 20 1A 10 10 14 14 1A 06 00
00 24 16 06 16 24 20 16 20 16 0A 0A 0E 06 0A 00
00 1A 06 16 34 26 26 10 1A 2E 1A 1A 0A 14 06 00
00 1A 00 1A 20 24 2A 16 1A 06 1A 16 24 1A 14 00
00 20 10 14 24 20 1C 14 06 0A 06 10 10 0A 0A 00
00 1A 10 14 06 06 24 0C 0E 0A 1A 20 1A 16 0C 00
00 0C 10 10 06 0A 1A 10 0A 1A 10 10 00 14 0A 00
00 00 10 10 10 1A 20 20 10 10 00 06 0A 10 14 00
00 0C 1A 1A 10 00 14 14 0A 06 00 00 0A 0A 0A 00
00 0A 06 10 1A 1A 0C 10 14 06 00 06 0A 0A 0A 00
00 10 06 0A 00 1A 1A 06 1A 20 06 0A 00 0A 0A 00
00 1A 24 16 1A 1A 10 14 06 24 10 06 00 06 06 00
00 00 00 00 00 00 00 00 00 00 00 00 00 00 00 00