00 00 00 00 00 00 00 00 00 00 00 00 00 00 00 00
00 0A 06 1E 10 00 0A 10 0A 20 0E 20 14 12 06 00
00 0A 14 06 0A 0A 06 10 00 16 10 10 24 0A 14 00
00 0A 0A 10 10 06 0A 14 10 20 14 14 1A 14 0C 00
00 10 06 10 0A 1A 10 14 1A 16 06 24 0C 0A 0E 00
00 10 0A 0A 10 20 16 10 10 10 1A 1A 06 0C 1A 00
00 16 10 0A 14 10 10 14 10 0C 24 06 10 1E 06 00
00 24 1A 0A 0C 0A 10 0A 00 00 10 14 10 0C 28 00
00 10 1A 06 14 00 14 06 0A 06 10 1A 06 14 10 00
00 0A 00 0A 06 14 0C 06 0A 06 0A 10 24 1A 1A 00
00 06 1A 10 14 06 00 0A 00 0A 10 1E 0C 06 06 00
00 1A 14 1E 16 14 0A 0C 14 0C 1A 06 00 0A 0A 00
00 1A 0A 1A 14 10 10 0A 06 10 1A 06 0A 06 04 00
00 00 14 14 0C 0A 14 04 04 14 06 06 10 10 24 00
00 10 10 06 10 0A 16 00 06 1A 10 14 0A 06 10 00
00 00 00 00 00 00 00 00 00 00 00 00 00 00 00 00