00 00 00 00 00 00 00 00 00 00 00 00 00 00 00 00
00 1E 1A 24 20 16 1A 2A 4A 34 28 32 12 0C 66 00
00 1A 18 1A 24 10 10 10 20 20 32 0A 38 20 4C 00
00 20 22 2A 16 14 0A 06 16 1E 22 28 1A 26 36 00
00 24 08 2C 1A 10 1E 0C 06 14 1E 1A 10 2A 30 00
00 30 14 44 1E 0C 0A 24 0A 0C 08 1E 1E 16 18 00
00 1A 34 58 0E 14 1E 24 1A 2E 10 20 30 34 0E 00
00 48 46 08 12 16 18 1E 28 2E 04 0C 38 00 22 00
00 2A 1E 28 1E 0E 08 02 12 10 1A 10 20 34 20 00
00 2C 28 1E 0E 08 26 1A 1A 32 16 10 24 44 24 00
00 0A 0E 0E 0C 10 18 14 24 20 1E 20 04 30 08 00
00 2E 16 0C 48 26 2E 22 10 14 0A 28 12 38 12 00
00 04 1A 28 20 22 38 0C 34 2E 24 06 3C 16 46 00
00 2E 1A 1C 1C 0E 1C 0A 20 0A 20 10 22 1E 18 00
00 0A 16 1A 24 14 24 0C 2A 06 1A 06 1E 12 28 00
00 00 00 00 00 00 00 00 00 00 00 00 00 00 00 00