00 00 00 00 00 00 00 00 00 00 00 00 00 00 00 00
00 2A 20 10 14 14 14 14 1E 0A 0A 00 10 10 1A 00
00 10 20 14 06 20 1A 0A 06 1A 10 06 10 10 14 00
00 0A 10 24 18 04 0E 10 10 10 1A 10 10 10 06 00
00 0E 16 20 14 0A 14 14 12 1E 1C 10 1A 10 06 00
00 0E 14 2A 14 0E 0C 06 18 0A 1E 10 1A 0C 14 00
00 16 28 12 1A 14 06 10 0E 14 04 0A 06 16 1A 00
00 18 06 06 1A 0A 06 14 16 14 1C 20 20 14 14 00
00 08 06 0A 10 06 0A 10 10 04 1A 1A 24 18 14 00
00 16 2E 16 26 24 1A 0E 06 0A 20 20 16 06 16 00
00 26 1A 10 30 20 30 1E 04 0A 1A 10 10 0A 1A 00
00 38 14 0A 2E 24 20 10 0A 14 0C 16 20 06 04 00
00 26 14 0E 02 16 16 0A 24 26 24 24 2A 24 1A 00
00 10 10 0A 14 24 1A 34 2E 10 0E 0E 10 0A 0E 00
00 10 10 06 1A 0A 18 10 0E 1A 1A 12 1A 1A 0A 00
00 00 00 00 00 00 00 00 00 00 00 00 00 00 00 00