00 00 00 00 00 00 00 00 00 00 00 00 00 00 00 00
00 16 1E 26 12 14 22 16 26 10 10 06 24 0C 28 00
00 30 1E 10 18 1A 02 1A 08 1A 16 0A 0A 24 20 00
00 14 12 14 14 20 24 30 1A 16 28 14 10 06 1A 00
00 20 12 02 26 08 0A 24 0A 20 26 20 0C 20 24 00
00 18 1E 32 22 26 14 12 0E 20 28 24 3A 3E 2A 00
00 0C 16 38 18 20 06 14 0E 24 10 18 24 10 1E 00
00 16 20 20 0E 06 0E 1A 34 16 1A 0A 14 24 04 00
00 06 1A 16 00 18 2C 0C 1A 24 1C 24 1C 1A 20 00
00 24 20 24 10 20 2A 1A 14 06 10 1A 3E 14 0A 00
00 16 2A 14 1E 1E 10 0C 14 1C 34 2A 1A 2A 20 00
00 0C 10 14 24 20 1A 18 1A 14 10 32 1A 2A 24 00
00 1E 2C 2A 16 16 24 0C 1A 10 1A 0E 1E 20 0E 00
00 08 2E 10 14 18 1E 0C 10 16 10 20 20 0A 12 00
00 2E 1A 20 30 2E 0C 24 16 24 0A 2A 38 1E 14 00
00 00 00 00 00 00 00 00 00 00 00 00 00 00 00 00