00 00 00 00 00 00 00 00 00 00 00 00 00 00 00 00
00 2A 20 1A 36 34 16 06 06 2C 16 14 1A 1E 20 00
00 1E 24 16 1A 52 2A 0C 2A 2A 10 24 26 1A 40 00
00 12 14 1A 38 10 32 1E 30 14 30 1E 14 10 16 00
00 1A 2A 24 2A 30 0E 1A 28 18 34 10 08 0E 14 00
00 0C 20 34 00 20 1A 04 2E 20 10 2A 1E 1A 1A 00
00 24 2A 20 14 20 10 18 16 20 1A 4E 1A 26 32 00
00 14 26 2E 10 0A 1E 08 20 18 32 16 1E 38 16 00
00 0A 08 28 20 0A 14 20 14 1C 30 34 2A 08 10 00
00 0E 04 04 24 1A 1E 24 0E 0A 06 0E 1A 0C 0E 00
00 1A 0C 14 18 34 1E 24 0A 1A 16 0A 24 12 10 00
00 20 10 0E 0C 16 1E 1A 2E 0C 2E 24 16 1A 1E 00
00 30 16 0A 08 06 06 12 14 1A 16 16 42 1C 10 00
00 30 24 16 32 24 2E 0A 12 20 20 18 1C 14 1A 00
00 26 20 34 24 1A 26 20 12 24 1E 20 58 20 3A 00
00 00 00 00 00 00 00 00 00 00 00 00 00 00 00 00