00 00 00 00 00 00 00 00 00 00 00 00 00 00 00 00
00 06 10 2A 16 16 0A 14 10 16 20 10 10 2E 20 00
00 24 2A 18 22 20 1E 0A 1E 24 16 10 10 20 10 00
00 14 0C 18 10 48 00 1A 10 20 34 20 06 10 0A 00
00 2A 26 06 22 24 1A 0C 10 16 1C 1A 10 20 16 00
00 14 20 1A 1A 1C 20 1A 10 1E 3A 2A 16 1E 0E 00
00 1E 16 24 1E 10 16 1A 2A 30 3E 14 0C 0C 10 00
00 0A 20 16 10 2A 3A 1A 06 38 0C 1A 24 1A 10 00
00 14 10 0A 0A 10 10 14 2E 26 0E 1E 24 10 04 00
00 24 0C 10 10 24 16 14 0C 24 24 24 10 24 1A 00
00 0A 0A 16 1A 16 10 16 2E 30 2A 0C 14 24 1C 00
00 06 10 20 14 0C 1A 20 14 0A 1C 10 18 0C 1A 00
00 00 16 24 04 10 10 10 0A 00 24 10 14 24 14 00
00 0C 1A 10 14 16 1A 16 0C 1E 22 0A 04 2E 20 00
00 14 16 0C 10 0A 1A 2A 24 06 10 06 10 30 1C 00
00 00 00 00 00 00 00 00 00 00 00 00 00 00 00 00