00 00 00 00 00 00 00 00 00 00 00 00 00 00 00 00
00 3A 0E 1A 1A 14 0C 10 0E 0E 10 30 14 26 24 00
00 28 22 14 18 10 2A 28 0C 1C 1E 4E 24 26 14 00
00 2A 10 18 0E 24 26 12 2A 44 2E 3C 0C 1A 10 00
00 16 06 24 32 22 2E 0C 3A 36 20 18 0E 0E 08 00
00 0C 14 16 10 14 0C 00 30 24 20 18 04 0A 0A 00
00 24 20 1A 10 00 00 00 30 20 14 1C 10 0C 1A 00
00 1A 20 24 20 1C 24 1C 20 2E 16 2C 0E 22 14 00
00 0C 26 2E 26 24 16 2E 34 1C 10 18 2E 22 0E 00
00 34 4A 30 30 24 12 2E 38 12 1A 16 1C 24 16 00
00 20 2C 20 2A 30 1A 3E 10 14 06 0C 28 16 14 00
00 12 2A 1A 24 16 2E 10 14 04 0E 18 1E 34 14 00
00 32 20 16 10 18 10 14 14 1A 12 20 20 26 14 00
00 12 12 1E 0A 04 0E 1A 32 26 24 20 20 2A 16 00
00 12 24 1C 10 14 1E 0A 20 42 0C 10 1C 2A 0E 00
00 00 00 00 00 00 00 00 00 00 00 00 00 00 00 00