00 00 00 00 00 00 00 00 00 00 00 00 00 00 00 00
00 10 14 12 1E 0A 0A 06 0A 00 10 0A 0A 00 06 00
00 0A 0C 28 06 14 00 00 06 0A 10 00 10 14 10 00
00 14 0E 0C 14 06 10 10 06 00 06 14 16 10 14 00
00 14 0E 06 00 10 1A 1A 10 00 0A 06 10 1A 10 00
00 14 0A 10 0A 16 24 24 10 00 06 0A 0A 14 0A 00
00 0A 0A 06 00 06 0E 0A 08 0A 10 1A 24 0E 14 00
00 06 0A 06 0A 06 14 1A 14 0A 24 16 24 06 24 00
00 00 06 10 10 06 06 10 10 0E 10 1A 1E 1C 18 00
00 0A 0A 0A 10 14 06 0A 06 06 10 14 14 16 10 00
00 00 0A 10 1A 00 0A 06 0A 00 06 0E 0A 0E 0A 00
00 0A 06 00 06 0E 04 0E 06 00 0A 0A 0E 0E 06 00
00 00 00 00 00 0A 0A 0A 10 10 16 20 1A 06 06 00
00 00 00 00 00 06 0A 10 0A 06 0A 06 0A 0A 0A 00
00 10 06 00 06 0A 06 0A 10 24 20 1A 10 06 06 00
00 00 00 00 00 00 00 00 00 00 00 00 00 00 00 00