00 00 00 00 00 00 00 00 00 00 00 00 00 00 00 00
00 2E 32 1E 2E 26 1E 14 14 0C 1A 12 18 0C 0A 00
00 12 3C 3C 0C 14 14 1E 16 10 10 18 02 10 10 00
00 0E 14 26 16 2A 28 1E 34 26 1E 04 24 2E 16 00
00 2E 02 18 14 0A 30 24 1C 24 26 38 20 0C 28 00
00 38 18 06 14 14 3E 18 1A 12 22 12 36 26 1A 00
00 1A 38 0C 1A 0E 30 56 20 2C 14 18 24 2E 1A 00
00 1A 16 3C 12 22 04 36 3E 1E 24 12 2E 1A 10 00
00 1A 0E 22 4C 16 22 0A 0A 2A 2A 1A 10 1A 1A 00
00 22 24 10 20 48 36 44 34 2A 16 0C 28 1A 1A 00
00 34 2C 36 0E 28 44 18 1A 24 22 38 20 14 38 00
00 0E 3E 0A 10 1A 24 0C 1E 08 22 0A 3E 38 1E 00
00 20 36 14 20 1A 0C 28 16 18 38 4E 10 20 54 00
00 34 28 18 04 0A 10 10 04 42 1A 30 38 16 32 00
00 20 32 14 10 0E 10 16 1A 1E 26 1C 1C 1A 12 00
00 00 00 00 00 00 00 00 00 00 00 00 00 00 00 00