00 00 00 00 00 00 00 00 00 00 00 00 00 00 00 00
00 16 1E 14 0C 1A 16 06 10 14 10 10 0A 16 24 00
00 10 0A 10 10 1A 24 10 10 0A 0A 16 14 24 00 00
00 14 0A 14 0C 24 26 24 06 0A 00 10 10 16 1A 00
00 1E 10 10 06 10 14 1C 24 10 06 06 0A 10 0A 00
00 06 20 14 06 1A 14 1A 0C 14 10 10 1A 24 10 00
00 20 2E 0A 14 10 1A 20 1A 0A 14 14 14 20 1E 00
00 2E 06 24 14 0A 0A 06 06 0A 0E 14 0E 0A 14 00
00 10 14 10 10 10 06 0A 0A 10 28 1A 22 10 1A 00
00 10 1A 14 14 06 10 0A 0A 14 10 34 10 1A 24 00
00 10 1A 1A 0A 0A 0A 16 24 06 0A 16 14 20 14 00
00 0C 10 16 14 0A 0A 24 10 1A 0A 0A 10 10 0A 00
00 14 06 0A 10 10 1A 1C 14 26 14 10 0A 0A 06 00
00 1A 10 06 0E 1E 0E 20 10 10 14 0A 1A 10 14 00
00 18 10 00 0A 1A 28 20 1A 20 24 26 1A 20 1A 00
00 00 00 00 00 00 00 00 00 00 00 00 00 00 00 00