00 00 00 00 00 00 00 00 00 00 00 00 00 00 00 00
00 10 1A 10 1A 14 0A 16 38 16 14 16 20 20 2C 00
00 10 0A 0A 0A 10 1E 20 16 1E 06 10 10 16 34 00
00 24 16 1E 16 14 0A 1A 1A 0E 0A 06 0A 10 1A 00
00 16 10 04 24 14 1A 10 14 10 14 14 06 1E 14 00
00 0C 10 22 0A 14 10 10 0C 1A 16 14 1A 0C 14 00
00 14 04 0C 0A 10 16 1A 06 00 00 06 20 24 0A 00
00 10 10 28 10 24 14 14 10 0A 06 0A 06 1A 1E 00
00 0A 1A 0C 2E 16 18 0A 06 06 0A 10 10 10 1A 00
00 10 26 1A 2C 20 1C 10 06 1A 1A 2E 0C 06 0A 00
00 0A 14 10 34 1A 1A 16 1A 26 1E 14 2E 16 06 00
00 1E 0A 0A 16 24 20 20 14 16 10 22 1E 3A 16 00
00 0E 14 06 04 00 04 16 24 2A 14 10 18 2E 20 00
00 0A 0A 0E 10 14 0E 0A 0A 0A 0E 0E 14 26 20 00
00 24 20 0A 1A 14 0A 1A 06 10 0A 10 14 16 16 00
00 00 00 00 00 00 00 00 00 00 00 00 00 00 00 00