00 00 00 00 00 00 00 00 00 00 00 00 00 00 00 00
00 14 20 0E 1C 42 26 22 16 34 26 10 16 2A 20 00
00 18 24 24 1C 1A 62 24 2E 06 32 26 14 10 24 00
00 0C 0A 2E 0A 22 1C 2E 22 0C 0E 34 10 06 16 00
00 18 04 0C 14 0E 10 14 1A 1E 14 20 16 14 18 00
00 0E 10 1A 20 0A 10 14 14 14 0A 10 2E 2A 20 00
00 18 0C 0E 1E 14 20 18 16 1A 10 0E 12 16 16 00
00 0C 0A 0A 10 22 14 14 0A 10 10 1E 24 14 06 00
00 24 0A 0C 24 16 10 1A 10 0C 1A 14 10 08 14 00
00 26 00 0C 1A 0C 1A 20 24 20 14 0A 0A 16 1A 00
00 1A 16 2A 24 16 06 0A 0A 10 24 2A 2A 2A 26 00
00 2A 1C 20 06 14 06 1C 24 16 0E 0C 10 20 2E 00
00 1E 1A 1A 1A 16 10 28 10 10 10 1E 16 24 1A 00
00 0A 1A 14 14 12 24 06 2A 1A 16 14 04 0A 10 00
00 14 20 30 26 1A 14 34 2E 10 06 0A 14 0A 10 00
00 00 00 00 00 00 00 00 00 00 00 00 00 00 00 00