00 00 00 00 00 00 00 00 00 00 00 00 00 00 00 00
00 20 30 10 1A 1A 0E 0A 10 28 4C 1C 0A 14 24 00
00 20 3A 16 1A 06 2E 2A 20 18 20 34 10 00 08 00
00 14 34 20 06 1A 0E 1E 1C 0A 14 20 06 20 20 00
00 04 1C 24 0A 10 1A 24 2A 24 26 34 1E 14 0A 00
00 10 24 20 10 10 16 1A 26 16 14 2E 26 0E 1A 00
00 1A 10 20 2A 20 0A 14 0A 00 04 1C 3E 20 16 00
00 10 14 16 20 20 1A 20 14 10 14 0A 1A 24 16 00
00 16 06 2A 24 10 06 10 0A 10 20 1A 2A 2A 16 00
00 24 1E 26 18 10 10 20 16 1A 20 16 1A 1A 20 00
00 20 16 34 1A 10 10 24 20 14 0E 16 14 0A 2A 00
00 1C 10 10 2E 16 22 38 1C 1A 14 34 06 1E 12 00
00 2A 10 18 00 28 36 10 2C 1A 10 26 0A 10 2A 00
00 20 24 14 24 1C 1E 28 14 20 24 1A 14 18 1A 00
00 10 2A 20 20 24 26 24 2C 3A 26 1E 1A 14 0E 00
00 00 00 00 00 00 00 00 00 00 00 00 00 00 00 00