00 00 00 00 00 00 00 00 00 00 00 00 00 00 00 00
00 0A 04 1A 1A 10 10 0A 06 10 0A 1A 20 24 10 00
00 10 0A 20 10 0E 1E 0C 0A 06 10 1E 10 10 04 00
00 0E 1A 1A 04 1E 16 10 00 0A 14 10 34 20 1A 00
00 16 38 20 06 1A 1E 1C 14 10 06 14 10 10 1A 00
00 14 0C 1A 0A 10 16 20 0A 14 0A 06 06 1A 10 00
00 14 0E 1C 10 0C 1A 20 1A 14 14 06 10 20 10 00
00 1A 1E 38 26 24 10 20 1E 14 14 04 0E 1A 0E 00
00 10 24 2A 24 16 06 06 04 1A 0E 06 06 28 18 00
00 24 16 1A 06 1A 1A 14 0A 16 14 1A 14 06 14 00
00 16 0A 1A 10 10 0C 1E 1A 10 14 16 14 0A 00 00
00 14 14 16 20 20 0C 10 0A 0A 0A 0E 14 10 14 00
00 1A 1E 0A 10 18 0E 04 20 10 10 06 10 16 1A 00
00 10 10 20 1A 14 0E 14 18 1E 10 06 0A 0A 0C 00
00 06 14 24 04 1A 06 16 24 34 20 1A 1A 1A 1A 00
00 00 00 00 00 00 00 00 00 00 00 00 00 00 00 00