00 00 00 00 00 00 00 00 00 00 00 00 00 00 00 00
00 0E 1C 34 20 36 2A 26 1A 16 16 26 68 FC FF 00
00 10 16 16 1A 26 24 06 10 1A 10 10 26 58 B6 00
00 1A 26 10 10 20 2A 20 16 16 06 10 20 1C 40 00
00 10 1A 0A 06 10 20 20 1A 24 06 10 1A 10 0C 00
00 1E 06 10 10 10 20 20 0C 20 24 16 10 10 0C 00
00 1A 16 10 10 10 20 3E 26 20 3A 20 20 16 1E 00
00 1A 20 10 0A 00 0A 20 2A 2A 30 34 36 48 10 00
00 1E 1E 20 16 06 06 0A 0A 10 0C 10 20 40 3A 00
00 14 0E 10 14 0A 00 00 0A 0A 0E 10 20 2C 2A 00
00 14 1A 1A 06 10 0A 06 1A 1A 1E 14 1A 2A 20 00
00 1A 00 10 1A 24 10 18 14 1A 10 1A 10 10 10 00
00 16 14 14 0C 20 16 04 1E 1A 14 06 00 00 00 00
00 0A 24 30 20 20 24 0A 10 10 0C 0A 06 00 00 00
00 24 14 28 26 24 0C 0A 00 00 0A 06 0E 10 10 00
00 00 00 00 00 00 00 00 00 00 00 00 00 00 00 00