00 00 00 00 00 00 00 00 00 00 00 00 00 00 00 00
00 24 10 2E 16 2E 16 10 00 10 0A 06 06 10 10 00
00 10 1E 10 1A 16 00 1A 06 10 06 0A 0A 06 0A 00
00 1A 1E 20 24 10 1A 14 14 10 0A 0A 0A 0A 0A 00
00 1A 0A 0E 1A 0C 10 0A 1A 0C 10 0A 0A 0A 00 00
00 0A 1A 0A 14 0A 0A 10 1A 10 00 0A 06 10 06 00
00 1A 1C 1E 10 08 0A 0A 14 16 0A 06 0A 0A 0A 00
00 10 20 10 1A 14 14 10 06 10 00 00 06 14 16 00
00 06 16 14 10 10 0A 10 0A 10 00 00 00 06 14 00
00 04 14 14 06 00 06 1A 06 10 00 00 06 0A 0C 00
00 14 10 00 14 10 10 14 0A 10 00 06 14 06 1E 00
00 1A 0E 0A 0A 0A 06 10 1E 06 06 14 00 1E 10 00
00 10 0A 0A 10 16 24 1A 06 0A 10 10 24 10 0A 00
00 0A 00 10 0C 24 10 0A 0A 06 10 10 1A 14 04 00
00 10 14 10 14 2A 0A 16 0A 06 10 10 06 1A 10 00
00 00 00 00 00 00 00 00 00 00 00 00 00 00 00 00