00 00 00 00 00 00 00 00 00 00 00 00 00 00 00 00
00 0E 0A 28 1A 04 10 16 16 24 10 10 12 24 20 00
00 06 20 24 0E 14 10 10 00 10 06 14 1A 0C 10 00
00 06 1E 1E 18 06 10 10 06 1A 1A 1C 3A 26 18 00
00 06 0C 2E 24 0E 14 14 1A 1A 1A 0C 20 3E 1C 00
00 10 00 0A 1A 24 1A 14 0A 1A 2A 34 3A 30 18 00
00 0A 10 10 10 1C 0C 14 24 24 10 12 20 16 16 00
00 14 1A 10 1E 24 0A 0C 0A 1A 16 1A 2A 20 10 00
00 0A 06 1E 20 16 10 24 10 10 24 2A 1A 1A 1A 00
00 20 16 18 1E 0C 0A 06 14 20 20 16 16 1E 2A 00
00 14 2A 2A 0A 0A 06 0E 10 2A 20 10 0A 10 2A 00
00 24 30 20 24 10 10 1A 28 10 20 16 10 20 1A 00
00 04 30 24 10 10 16 1A 0A 24 30 2A 1A 24 1A 00
00 1A 24 10 0C 28 16 14 14 1A 16 40 42 06 10 00
00 30 34 10 14 06 10 10 18 14 16 3E 16 2E 2A 00
00 00 00 00 00 00 00 00 00 00 00 00 00 00 00 00