00 00 00 00 00 00 00 00 00 00 00 00 00 00 00 00
00 00 00 06 00 10 00 0A 10 10 0A 0A 10 00 00 00
00 06 00 10 0A 16 0A 06 06 0A 16 00 10 00 00 00
00 20 06 10 1A 20 10 06 0A 06 24 06 1A 06 06 00
00 20 14 0A 1A 16 1A 10 06 24 1A 04 14 10 0A 00
00 34 06 10 1A 1A 1A 0A 20 24 10 10 10 16 0A 00
00 0C 14 06 06 10 10 0A 1A 10 20 14 06 1A 10 00
00 14 10 06 06 0A 06 06 16 24 20 06 2E 1C 1A 00
00 0A 00 0A 14 10 14 06 00 06 0A 18 1A 14 1A 00
00 06 0A 1E 14 10 0A 0A 00 06 0A 10 14 04 16 00
00 06 24 1A 14 1A 0A 0A 10 10 14 14 06 06 06 00
00 2E 14 1A 2A 16 14 26 2E 2C 10 0E 1A 1A 0E 00
00 10 1E 2A 14 0A 1A 2E 0A 28 1E 00 10 14 04 00
00 10 0E 10 1A 2A 1A 0C 1A 26 16 10 20 18 16 00
00 1E 1A 20 18 1E 0C 06 0A 16 10 10 1A 0A 0A 00
00 00 00 00 00 00 00 00 00 00 00 00 00 00 00 00