00 00 00 00 00 00 00 00 00 00 00 00 00 00 00 00
00 1C 00 0C 0A 20 1E 18 3E 90 68 62 10 14 24 00
00 1C 10 18 1C 1A 3A 1A 1C 4C 58 28 28 04 48 00
00 12 06 0A 2E 16 26 0E 1A 3A 1C 10 26 46 68 00
00 22 16 16 26 48 48 16 28 2C 2A 20 26 4A 40 00
00 44 26 0E 16 22 1E 2C 1A 46 14 10 1E 34 38 00
00 30 4A 28 40 2E 1E 20 66 0C 32 18 08 2A 28 00
00 4A 44 06 34 34 30 14 46 48 14 1E 10 0C 1A 00
00 12 2A 30 14 1E 40 3A 12 32 18 1A 2A 20 14 00
00 2A 14 3A 26 18 26 28 24 16 1E 20 1A 10 2A 00
00 10 08 2A 16 2E 32 14 24 06 1A 06 20 44 46 00
00 1E 0A 2E 0E 1E 28 1E 0A 14 0A 10 24 14 2A 00
00 18 2E 28 1A 0E 1C 1E 36 24 20 08 1A 24 3E 00
00 16 24 1A 0A 28 1A 12 34 16 44 24 0A 10 34 00
00 28 0E 12 28 0A 30 34 2C 2E 36 2A 2E 14 0E 00
00 00 00 00 00 00 00 00 00 00 00 00 00 00 00 00