00 00 00 00 00 00 00 00 00 00 00 00 00 00 00 00
00 0E 1E 24 24 2E 24 20 20 10 10 24 14 0A 0A 00
00 22 1A 18 0E 1A 34 24 1A 0E 1E 2A 10 0A 2E 00
00 12 24 26 1E 0A 16 08 10 14 14 10 0A 0A 1A 00
00 28 00 2E 10 1A 1A 0A 0A 10 16 10 10 20 1A 00
00 0A 14 16 0E 0C 1E 2C 24 16 1E 1A 10 0E 14 00
00 0A 10 2A 24 1E 0C 24 06 28 04 24 24 14 14 00
00 1E 10 10 1E 1A 0A 10 14 10 16 16 1C 1A 24 00
00 06 04 10 10 12 24 20 18 04 0E 16 2E 10 0C 00
00 14 1A 24 16 10 20 20 2E 16 1A 24 16 0A 1E 00
00 10 1A 06 1A 10 1A 06 1A 14 1C 1A 12 1A 10 00
00 14 1C 00 16 10 16 0A 14 16 38 10 14 06 14 00
00 10 34 06 1A 0A 24 1E 0A 2E 16 14 10 10 10 00
00 24 30 10 20 06 08 1A 1A 1C 1E 10 0A 14 14 00
00 34 26 10 18 0E 0C 22 2A 10 06 0A 0A 0A 20 00
00 00 00 00 00 00 00 00 00 00 00 00 00 00 00 00