00 00 00 00 00 00 00 00 00 00 00 00 00 00 00 00
00 FF E0 FF FF 60 16 28 2E 28 4A 50 72 86 86 00
00 50 34 68 06 58 44 9A B0 8C AC 9A 8C 3C 44 00
00 52 86 1C 74 4C 52 72 18 08 54 2A 70 32 68 00
00 A0 9A 88 44 20 42 8A 22 30 94 66 A6 7C 5C 00
00 64 46 88 9C 40 56 A0 0E 78 40 40 5A A2 8C 00
00 36 3E 54 38 76 76 7C DE B2 94 4C 4A 20 28 00
00 26 68 86 26 48 64 62 34 4E 88 90 2A 38 1C 00
00 4C 46 28 46 44 68 C8 9A A4 72 28 82 0A 34 00
00 74 6C 44 4E 2C 60 30 6A 60 28 54 26 3C 7A 00
00 A8 7A 78 16 44 50 6C 88 B4 28 48 0E 1C 1A 00
00 68 42 9C 32 06 4A 64 26 76 56 4E 40 10 10 00
00 3C 26 B2 E0 5C 1E 68 2C 72 88 24 34 4C 22 00
00 8C 88 66 DC B8 44 44 1C 22 62 24 2C 78 56 00
00 AC 82 54 9C 84 2C 18 5E 76 52 32 3E 84 46 00
00 00 00 00 00 00 00 00 00 00 00 00 00 00 00 00