00 00 00 00 00 00 00 00 00 00 00 00 00 00 00 00
00 16 06 10 10 16 10 1A 14 0A 14 1E 2A 16 06 00
00 20 10 14 28 18 1E 1E 16 1A 20 14 14 2E 0C 00
00 24 14 18 24 28 18 16 10 16 1A 20 1E 1A 1A 00
00 1C 20 2C 2A 12 1A 1A 16 2A 20 1E 14 14 24 00
00 28 12 28 4A 32 20 0A 14 16 06 0E 14 0A 16 00
00 10 1A 10 20 10 08 14 0A 06 06 18 12 18 14 00
00 1A 1A 06 26 34 24 14 1A 0C 14 0E 24 14 1A 00
00 1A 10 14 24 2A 18 28 16 24 1A 0C 2A 20 26 00
00 28 30 1A 12 10 1C 00 20 20 14 2E 10 24 10 00
00 2A 16 0E 1A 1E 18 24 24 20 1A 20 14 16 06 00
00 2E 26 1C 34 2A 20 12 18 20 1E 06 0A 0A 04 00
00 1A 2E 20 12 1E 0E 22 20 20 16 0E 1A 10 14 00
00 1E 2C 3A 20 0C 10 1E 3E 2E 06 12 1E 0A 16 00
00 1A 1E 16 28 1A 14 10 26 20 1A 14 0C 10 24 00
00 00 00 00 00 00 00 00 00 00 00 00 00 00 00 00