00 00 00 00 00 00 00 00 00 00 00 00 00 00 00 00
00 3C 1E 20 26 36 2A 1C 1A 0C 56 24 5C 1E 32 00
00 34 0A 0C 16 28 10 38 20 24 20 2C 12 18 34 00
00 1A 16 38 30 2E 2A 12 24 0C 24 10 10 0A 10 00
00 12 14 0E 24 30 3A 20 20 10 20 0A 0E 20 1A 00
00 22 18 1A 28 1A 22 1E 12 24 0A 1E 1A 18 24 00
00 1E 18 0A 22 2A 2E 0C 14 24 1A 0E 16 38 32 00
00 28 12 10 10 16 1A 24 16 14 16 0A 22 24 1E 00
00 0E 24 20 20 32 06 1A 04 1E 0C 10 10 24 24 00
00 16 0C 10 0A 08 1A 26 1A 24 1A 1A 16 06 16 00
00 2E 3E 0C 12 1C 08 20 0E 0C 0E 0C 12 18 18 00
00 32 18 24 38 06 22 22 10 30 2E 12 10 1E 10 00
00 3A 42 2A 38 12 0A 38 16 24 1A 1A 16 1A 1E 00
00 10 02 04 04 0E 18 16 1E 20 1A 10 04 0E 08 00
00 16 24 18 10 06 14 16 08 1E 10 1A 10 14 1A 00
00 00 00 00 00 00 00 00 00 00 00 00 00 00 00 00